0,3157
5441,0
1,2411
6919,1
2,1057
3064,2
3,6642
6519,3
4,2101
4298,4
5,2964
5221,5
6,4054
5709,6
7,5050
317,7
8,7314
964,8
9,4398
6123,9
10,1553
784,10
11,1373
5025,11
12,2633
4573,12
13,420
4632,13
14,2381
4417,14
15,6820
1946,15
16,124
4229,16
17,6891
3808,17
18,6770
5817,18
19,1120
1179,19
20,898
4958,20
21,3593
4469,21
22,5866
1156,22
23,3153
1918,23
24,6036
3537,24
25,3709
6006,25
26,1838
5975,26
27,3665
5053,27
28,2253
3660,28
29,1461
1476,29
30,7024
3937,30
31,3208
6475,31
32,1991
4221,32
33,5025
513,33
34,6964
1225,34
35,1084
4420,35
36,2094
977,36
37,5002
5541,37
38,4362
7089,38
39,4855
5064,39
40,2298
1199,40
41,6620
101,41
42,2337
846,42
43,675
5794,43
44,2461
5375,44
45,5907
2248,45
46,1623
4611,46
47,487
2359,47
48,3451
7169,48
49,5287
2608,49
50,895
5576,50
51,1546
1239,51
52,2874
4542,52
53,6787
3373,53
54,864
2394,54
55,5548
2935,55
56,844
2146,56
57,3988
357,57
58,1779
3920,58
59,5420
7248,59
60,4053
6585,60
61,2075
699,61
62,391
6668,62
63,6339
5189,63
64,2333
4168,64
65,2611
5585,65
66,777
3840,66
67,4336
5496,67
68,3338
3446,68
69,6553
2056,69
70,2792
5780,70
71,4239
4172,71
72,6546
2492,72
73,485
6434,73
74,78
2779,74
75,6846
5415,75
76,2713
2876,76
77,6392
6612,77
78,989
79,1366
3478,79
80,6560
5624,80
81,1494
2595,81
82,1424
749,82
83,1709
3058,83
84,2376
4723,84
85,4116
3137,85
86,4453
4027,86
87,2815
1482,87
88,4561
3664,88
89,4563
3175,89
90,1138
6477,90
91,1001
2634,91
92,312
2375,92
93,6341
2903,93
94,2824
5295,94
95,4828
7206,95
96,6775
5969,96
97,2726
4253,97
98,455
3615,98
99,5284
4536,99
100,742
2901,100
4593,101
102,699
1603,102
103,4601
6178,103
104,3922
6921,104
105,2282
4930,105
106,4593
4336,106
107,3459
4535,107
108,2211
4047,108
109,3189
7421,109
110,6200
1653,110
111,486
5761,111
112,1643
4445,112
113,5079
409,113
114,2336
5080,114
115,357
2153,115
116,3171
2649,116
117,6718
2138,117
118,726
3402,118
119,2863
5571,119
120,6516
6946,120
121,5794
6506,121
122,6220
2932,122
123,3078
1408,123
124,848
125,3332
297,125
126,5572
5234,126
127,6008
6887,127
128,2014
2129,128
129,2347
4769,129
130,2638
3623,130
131,2272
3258,131
132,3734
2958,132
133,216
762,133
134,1346
626,134
135,5430
7305,135
136,5632
2964,136
137,299
2054,137
138,2184
184,138
139,2522
5047,139
140,3427
5917,140
141,7396
5909,141
142,2057
6589,142
143,5801
889,143
144,3359
5096,144
145,6283
355,145
146,1742
6547,146
147,2727
3577,147
148,5841
5258,148
149,362
260,149
150,7434
1460,150
151,6141
3651,151
152,7380
4845,152
153,1341
5282,153
154,2541
5945,154
155,1358
3366,155
156,3186
1019,156
157,620
1774,157
158,2699
5691,158
159,7326
4279,159
160,642
2888,160
161,2231
6480,161
162,6422
2899,162
163,4350
1337,163
164,6323
2270,164
165,1111
4312,165
166,3314
5148,166
167,1460
996,167
168,6595
692,168
169,1585
777,169
170,4408
1100,170
171,5773
7396,171
172,7341
5991,172
173,5285
7395,173
174,2867
1929,174
175,4130
1096,175
176,6756
6314,176
177,6023
3949,177
178,5695
1139,178
179,6854
3745,179
180,7480
4975,180
181,6517
6769,181
182,7235
3961,182
183,2496
5092,183
6029,184
185,7377
2705,185
186,5355
620,186
187,1271
2541,187
188,4783
5547,188
189,2613
7436,189
190,3349
6646,190
191,4313
6602,191
192,2782
1355,192
193,6400
1410,193
194,4080
1806,194
195,4797
4377,195
196,3944
3408,196
197,4249
2977,197
198,745
5824,198
199,1947
5214,199
200,5785
703,200
201,6586
4853,201
202,284
5049,202
203,4764
590,203
204,7362
4621,204
205,5067
7131,205
206,6519
2783,206
207,3473
5197,207
208,6183
4798,208
209,7450
6121,209
210,4057
6488,210
211,334
6011,211
212,3592
5188,212
213,2166
6795,213
214,5917
3114,214
215,272
1948,215
216,409
217,5197
6033,217
218,3023
2971,218
219,4048
1072,219
220,5541
4293,220
221,3759
3085,221
222,2118
236,222
223,1656
4628,223
224,5132
5583,224
225,3974
5368,225
226,6733
4689,226
227,3486
5746,227
228,599
2574,228
229,5511
2113,229
230,2770
1437,230
231,1687
7145,231
232,2808
5139,232
233,786
2959,233
234,2534
1678,234
235,304
863,235
6212,236
237,2035
6981,237
238,3715
6623,238
239,1110
895,239
240,2545
454,240
241,7010
3053,241
242,3586
678,242
243,2415
3738,243
244,5719
304,244
245,5874
3226,245
246,1137
2232,246
247,1176
841,247
248,2857
634,248
249,4044
4570,249
250,2130
3980,250
251,2571
5267,251
252,5096
2420,252
253,640
4538,253
254,1189
5596,254
255,5258
1854,255
256,3318
5532,256
257,1887
6073,257
258,1845
1635,258
259,4214
5259,259
6387,260
261,3246
5618,261
262,2618
7022,262
263,3958
3484,263
264,2190
2570,264
265,4978
1116,265
266,3418
5692,266
267,1113
7038,267
268,7298
2687,268
269,5479
850,269
270,3307
5831,270
271,2953
4568,271
272,4419
273,5939
2871,273
274,3012
1375,274
275,4553
4998,275
276,3353
6886,276
277,3772
5141,277
278,2285
2819,278
279,5586
6862,279
280,5376
428,280
281,4915
7442,281
282,3355
726,282
283,3273
2695,283
284,392
285,4276
2530,285
286,2851
6940,286
287,4742
5293,287
288,2820
1331,288
289,2967
2702,289
290,3152
5939,290
291,5407
545,291
292,4906
7122,292
293,4472
5662,293
294,5784
5051,294
295,4137
1702,295
296,7459
5149,296
5201,297
298,3266
5738,298
299,496
300,5270
4339,300
301,5363
3205,301
302,337
4481,302
303,1966
3022,303
305,6088
5390,305
306,5338
1660,306
307,1741
3597,307
308,5333
7201,308
309,2477
833,309
310,3937
5639,310
311,5272
1247,311
312,2489
313,4652
2257,313
314,5106
7200,314
315,6512
3231,315
316,5137
3684,316
5540,317
318,3481
2810,318
319,4033
2154,319
320,7151
5184,320
321,3897
7244,321
322,2747
3774,322
323,4537
5704,323
324,4648
6437,324
325,4311
1288,325
326,1017
2827,326
327,2439
4456,327
328,7397
2117,328
329,2790
5907,329
330,1422
959,330
331,2576
1285,331
332,2814
3517,332
333,1286
5402,333
334,6310
335,4157
592,335
336,3640
5852,336
337,717
338,985
3542,338
339,5307
4647,339
340,6360
859,340
341,4673
5896,341
342,2752
3769,342
343,3449
5329,343
344,6417
4748,344
345,3401
4595,345
346,935
621,346
347,6807
7182,347
348,6480
4642,348
349,667
7370,349
350,919
4774,350
351,3259
6433,351
352,6772
2333,352
353,1982
6789,353
354,2612
3842,354
6595,355
356,3685
6248,356
358,3711
922,358
359,4112
5464,359
360,2086
696,360
361,3782
3891,361
362,6232
363,2329
987,363
364,3559
7031,364
365,4278
1160,365
366,960
1424,366
367,6249
4244,367
368,5748
4801,368
369,3004
4155,369
370,3254
4267,370
371,1993
2504,371
372,6425
4373,372
373,2396
3839,373
374,4623
4556,374
375,4173
5554,375
376,6073
1891,376
377,1685
4169,377
378,622
1646,378
379,3086
1236,379
380,5556
2518,380
381,1811
3186,381
382,3083
1214,382
383,1169
5600,383
384,610
1079,384
385,7089
5711,385
386,2707
5636,386
387,7318
5872,387
388,2029
1404,388
389,4892
2746,389
390,3934
4242,390
391,2352
392,2591
393,559
7369,393
394,7156
5984,394
395,3196
7341,395
396,4011
5183,396
397,2834
914,397
398,6318
6781,398
399,2744
3579,399
400,3829
7449,400
401,7074
2547,401
402,6084
5116,402
403,3283
5972,403
404,2551
3718,404
405,7332
4327,405
406,430
4941,406
407,1636
7094,407
408,5600
6922,408
410,3375
5268,410
411,3276
4278,411
412,3082
5484,412
413,4525
5241,413
414,5844
3512,414
415,6639
4171,415
416,2295
5349,416
417,3439
1023,417
418,6628
1272,418
419,2886
6258,419
420,4614
421,5500
3903,421
422,6429
6717,422
423,6523
5586,423
424,5660
3575,424
425,2176
2079,425
426,2651
4591,426
427,4653
5235,427
5936,428
429,4889
5459,429
430,1038
431,6444
5574,431
432,2389
1897,432
433,5303
5551,433
434,4858
2087,434
435,1454
1095,435
436,841
894,436
437,6387
3233,437
438,3784
733,438
439,1269
5677,439
440,5080
2235,440
441,1221
7005,441
442,4382
6058,442
443,6858
3411,443
444,3765
4465,444
445,2426
3838,445
446,4629
7076,446
447,3055
6550,447
448,1369
5694,448
449,6300
1326,449
450,6336
5808,450
451,7399
5762,451
452,628
2397,452
453,3756
5653,453
2666,454
455,3636
456,4095
6954,456
457,3827
2190,457
458,4781
3553,458
459,6277
6479,459
460,4183
3387,460
461,1425
3790,461
462,1060
3902,462
463,5116
1052,463
464,6822
6210,464
465,2017
3159,465
466,4346
782,466
467,2732
3909,467
468,6525
3580,468
469,6172
6531,469
470,4822
4413,470
471,4083
4317,471
472,564
2342,472
473,3556
494,473
474,1627
4081,474
475,4926
1762,475
476,6872
3244,476
477,5891
6432,477
478,4902
2332,478
479,4283
4566,479
480,3494
3430,480
481,2397
2905,481
482,7423
4065,482
483,787
6426,483
484,1535
7430,484
485,6325
486,3975
487,3695
488,4707
3837,488
489,4445
3211,489
490,4661
4992,490
491,2787
856,491
492,7289
2014,492
493,2602
3830,493
3061,494
495,7019
1910,495
496,5888
497,4713
811,497
498,2605
1477,498
499,1241
1971,499
500,1795
4330,500
501,6229
6630,501
502,5629
1321,502
503,3704
5752,503
504,6297
4677,504
505,6261
6062,505
506,970
7377,506
507,4676
5213,507
508,533
3753,508
509,1280
1335,509
510,6650
991,510
511,4680
1960,511
512,3626
4604,512
1883,513
514,6994
6005,514
515,5625
7106,515
516,5416
792,516
517,2702
769,517
518,3161
6254,518
519,4540
2068,519
520,5269
4717,520
521,6373
5321,521
522,5699
3606,522
523,5459
4086,523
524,5526
2044,524
525,5091
2742,525
526,1088
2188,526
527,6614
4911,527
528,2683
5206,528
529,6120
1930,529
530,3594
3242,530
531,2476
6592,531
532,2257
2310,532
533,5211
534,3605
6072,534
535,4703
624,535
536,1282
1648,536
537,1342
5720,537
538,2132
3083,538
539,4294
576,539
540,3124
3480,540
541,7350
6032,541
542,3053
6787,542
543,6230
5790,543
544,2940
3037,544
5665,545
546,7308
6857,546
547,4181
7460,547
548,3627
2048,548
549,3518
2558,549
550,7165
600,550
551,592
2951,551
552,1868
2877,552
553,7422
4929,553
554,3184
5232,554
555,3915
1672,555
556,2162
6543,556
557,6032
6924,557
558,3849
4781,558
559,3534
560,3750
1706,560
561,4354
3352,561
562,3344
2409,562
563,5340
2686,563
564,6115
565,2740
3393,565
566,4755
5469,566
567,2320
6932,567
568,7335
5552,568
569,6349
2950,569
570,7470
7448,570
571,5710
-1,571
572,1400
5019,572
573,2423
4833,573
574,6544
4524,574
575,6326
5799,575
7402,576
577,2219
5664,577
578,2438
3735,578
579,5184
7075,579
580,3502
3734,580
581,6522
3452,581
582,4775
5832,582
583,6129
3426,583
584,4192
6244,584
585,3159
1684,585
586,5698
5113,586
587,7016
3629,587
588,5877
5647,588
589,3361
1444,589
4306,590
591,1989
5366,591
593,2209
2938,593
594,3672
1804,594
595,7426
2018,595
596,7130
3491,596
597,1009
6174,597
598,2730
2965,598
599,6359
1292,600
601,1322
5609,601
602,4306
1278,602
603,5688
2586,603
604,2768
4672,604
605,6599
3845,605
606,1247
2892,606
607,6482
1438,607
608,5583
7085,608
609,6002
7231,609
610,7358
611,7323
6951,611
612,3972
7372,612
613,6735
3616,613
614,4007
6360,614
615,1436
3417,615
616,3093
2767,616
617,2992
4260,617
618,1549
5430,618
619,6441
6267,619
1295,621
622,4379
623,1507
4122,623
3130,624
625,6263
1775,625
5351,626
627,7369
5862,627
628,1918
629,4670
820,629
630,925
3427,630
631,2084
4946,631
632,758
2351,632
633,3520
3561,633
4794,634
635,4679
5763,635
636,6524
6456,636
637,5034
2697,637
638,2062
1936,638
639,1071
2330,639
640,3995
641,1254
1111,641
642,4831
643,3398
1504,643
644,6226
3335,644
645,3028
3960,645
646,6103
4203,646
647,4880
4387,647
648,2317
5725,648
649,4317
6497,649
650,3345
4513,650
651,772
3921,651
652,2419
5706,652
653,1287
5290,653
654,4105
5150,654
655,4871
4838,655
656,5659
1853,656
657,2193
5684,657
658,1427
1091,658
659,1614
5597,659
660,6366
7326,660
661,1705
1289,661
662,4492
1283,662
663,5924
5682,663
664,2180
1729,664
665,7389
2669,665
666,6643
4525,666
667,2635
668,6798
5041,668
669,7029
3071,669
670,4085
3262,670
671,5854
2125,671
672,7457
826,672
673,6889
5159,673
674,4394
5405,674
675,884
676,1525
1242,676
677,1077
4707,677
806,678
679,5170
1751,679
680,2538
1222,680
681,5923
7243,681
682,1662
5645,682
683,4386
2136,683
684,3887
2693,684
685,7099
4843,685
686,2186
7336,686
687,6010
734,687
688,5816
7047,688
689,4893
3367,689
690,5538
2102,690
691,5657
2633,691
1067,692
693,3600
6375,693
694,1962
1238,694
695,5578
7351,695
2343,696
697,1374
2829,697
698,1266
5587,698
700,6426
2674,700
701,5236
2027,701
702,4533
6323,702
5563,703
704,2126
2775,704
705,2530
6521,705
706,6406
7296,706
707,6761
2334,707
708,1470
7368,708
709,4606
1786,709
710,5182
1764,710
711,1797
6699,711
712,5872
2075,712
713,6875
2325,713
714,3891
3998,714
715,3330
2387,715
716,4124
5514,716
717,5212
718,4914
6663,718
719,4863
3431,719
720,6704
1680,720
721,4527
4924,721
722,1411
4650,722
723,2291
3385,723
724,3169
5414,724
725,5673
2814,725
727,752
2528,727
728,4449
3583,728
729,4368
5283,729
730,761
4299,730
731,3435
4098,731
732,6706
5460,732
5850,733
4322,734
735,4351
3667,735
736,4710
3510,736
737,852
1149,737
738,7324
4825,738
739,6024
1917,739
740,3456
972,740
741,4687
6071,741
742,2540
743,3118
2119,743
744,2217
2135,744
745,6617
746,5392
7261,746
747,7267
4076,747
748,1591
6774,748
3729,749
750,5432
3917,750
751,4002
5784,751
752,1212
753,4072
1629,753
754,3123
7072,754
755,5559
1332,755
756,4496
2271,756
757,4517
3292,757
758,1941
759,4666
2796,759
760,5384
7340,760
761,5521
1750,762
763,1382
6807,763
764,6049
7035,764
765,7247
6830,765
766,4051
3055,766
767,2232
4211,767
768,3529
5928,768
2202,769
770,7124
7444,770
771,6000
4428,771
772,4782
773,3192
2575,773
774,6962
6583,774
775,4557
7222,775
776,4383
5027,776
778,3185
5528,778
779,4618
2451,779
780,4123
4547,780
781,6126
5048,781
7097,782
783,5765
2067,783
5135,784
785,6164
5801,785
786,4977
787,1634
788,5551
4460,788
789,4798
1537,789
790,2279
4099,790
791,3122
1693,791
1792,792
793,4446
2556,793
794,4302
887,794
795,2504
5226,795
796,2258
1183,796
797,5492
4442,797
798,4695
6925,798
799,7207
5879,799
800,5074
6402,800
801,3091
2592,801
802,3625
940,802
803,3277
3801,803
804,4431
5941,804
805,4596
7199,805
4281,806
807,5810
4360,807
808,6210
1201,808
809,6019
2275,809
810,1126
1362,810
6341,811
812,5484
5017,812
813,2911
4379,813
814,7055
3445,814
815,5738
6015,815
816,4056
1481,816
817,7242
6516,817
818,1556
6685,818
819,2517
3006,819
2439,820
821,5529
4208,821
822,4641
4426,822
823,5042
3016,823
824,1566
5539,824
825,7347
5739,825
2821,826
827,3130
3804,827
828,5163
3858,828
829,5604
6207,829
830,3400
2327,830
831,2302
5617,831
832,2053
5231,832
2793,833
834,5781
5858,834
835,4088
4678,835
836,3896
1643,836
837,3797
937,837
838,1469
3516,838
839,3134
1056,839
840,7023
6417,840
842,7458
6740,842
843,2975
4810,843
844,5807
845,4778
5186,845
2222,846
847,3902
5340,847
848,6660
849,2452
2019,849
4378,850
851,6374
2895,851
852,1048
853,2700
2151,853
854,3088
2278,854
855,5203
2166,855
4982,856
857,2826
6289,857
858,4941
5392,858
2839,859
860,7317
3469,860
861,2402
4471,861
862,5678
4054,862
4657,863
864,3135
865,5456
3817,865
866,2348
5829,866
867,3935
2452,867
868,6722
910,868
869,4921
5654,869
870,6640
6559,870
871,3648
4328,871
872,6824
7390,872
873,6530
3301,873
874,6458
3014,874
875,6759
2710,875
876,5557
6263,876
877,4070
7306,877
878,1771
5881,878
879,3699
1768,879
880,3820
3289,880
881,1890
7163,881
882,6413
1017,882
883,1708
1884,883
884,5905
885,6225
3856,885
886,6461
3950,886
7403,887
888,5842
5871,888
4883,889
890,3360
1211,890
891,7064
5592,891
892,5599
7262,892
893,5442
6333,893
6187,894
896,4966
3641,896
897,6785
4504,897
898,1140
899,1839
4364,899
900,1520
7150,900
901,7084
7042,901
902,3460
3405,902
903,4150
6173,903
904,3180
4563,904
905,2202
1469,905
906,5320
7288,906
907,4542
1379,907
908,5928
984,908
909,5926
3033,909
4662,910
911,5946
4039,911
912,7336
2583,912
913,3162
5549,913
1320,914
915,6153
2111,915
916,5125
3474,916
917,1320
2277,917
918,5176
6264,918
919,4937
920,2263
6459,920
921,1147
999,921
7293,922
923,4236
3981,923
924,3523
3340,924
925,5925
926,5558
3263,926
927,5512
3351,927
928,5656
3622,928
929,2915
6640,929
930,6742
2580,930
931,4291
5910,931
932,1725
2046,932
933,4784
2577,933
934,4404
6136,934
935,3707
936,4046
3962,936
1491,937
938,5539
3303,938
939,1733
1352,939
5542,940
941,1825
4935,941
942,2716
1496,942
943,6630
5448,943
944,7038
5131,944
945,4580
3235,945
946,3201
6259,946
947,2722
6800,947
948,6119
3653,948
949,3166
2050,949
950,4212
6530,950
951,2528
6563,951
952,1615
1972,952
953,3597
5825,953
954,3237
3133,954
955,3177
1210,955
956,1881
2822,956
957,7091
3633,957
958,3270
4908,958
3671,959
960,6941
961,1381
2453,961
962,6182
6917,962
963,5175
5705,963
5813,964
965,1558
7282,965
966,2334
6639,966
967,4159
4302,967
968,6383
6487,968
969,4749
7050,969
970,7307
971,3970
1364,971
6966,972
973,5434
3550,973
974,5445
4511,974
975,3999
1305,975
976,4371
3721,976
1830,977
978,4451
2823,978
979,4994
980,979
5741,980
981,1734
5073,981
982,6364
6334,982
983,5762
1503,983
6525,984
985,3316
986,2349
2737,986
5424,987
988,6066
6041,988
989,7476
990,4169
3829,990
4458,991
992,3590
4300,992
993,3315
2268,993
994,6666
3384,994
995,3119
2205,995
5043,996
997,4870
1220,997
998,1122
2798,998
1367,999
1000,1165
2398,1000
1001,3049
1002,5167
5058,1002
1003,5361
7425,1003
1004,1582
4402,1004
1005,4743
2360,1005
1006,2171
5044,1006
1007,5681
3835,1007
1008,4182
6021,1008
1009,5576
1010,1398
5926,1010
1011,5653
2468,1011
1012,6849
5361,1012
1013,5465
5957,1013
1014,2472
3725,1014
1015,4246
5669,1015
1016,7404
1715,1016
1018,2016
1763,1018
2338,1019
1020,3963
3822,1020
1021,6287
5689,1021
1022,6861
6470,1022
6957,1023
1024,5588
1105,1024
1025,6687
2249,1025
1026,3299
4003,1026
1027,2004
7127,1027
1028,7279
1347,1028
1029,4696
5462,1029
1030,1598
1297,1030
1031,6766
2417,1031
1032,5684
7124,1032
1033,7138
3792,1033
1034,2422
4809,1034
1035,6865
5036,1035
1036,4996
6081,1036
1037,4511
5611,1037
1038,4478
1039,2803
6982,1039
1040,7398
1919,1040
1041,6338
4275,1041
1042,2931
3313,1042
1043,1497
6486,1043
1044,4393
6465,1044
1045,2483
3337,1045
1046,6286
1191,1046
1047,1390
1050,1047
1048,6554
1049,7173
7241,1049
2740,1050
1051,4904
3688,1051
2540,1052
1053,5918
1950,1053
1054,2114
6500,1054
1055,4238
2323,1055
3284,1056
1057,7125
1058,1227
4915,1058
1059,4223
3587,1059
1060,2636
1061,3390
5287,1061
1062,3484
3573,1062
1063,4018
7112,1063
1064,4731
1228,1064
1065,6981
6141,1065
1066,5633
4898,1066
4894,1067
1068,4477
4952,1068
1069,5909
3951,1069
1070,6308
7117,1070
1071,2083
3793,1072
1073,2386
1158,1073
1074,3454
1328,1074
1075,3990
2808,1075
1076,1250
4094,1076
1077,4770
1078,4086
5888,1078
7172,1079
1080,1441
3640,1080
1081,3981
3029,1081
1082,3214
4610,1082
1083,6835
1652,1083
1084,6399
1085,4372
4897,1085
1086,4094
5170,1086
1087,1794
7226,1087
1088,3658
1089,1487
2675,1089
1090,2549
2546,1090
1642,1091
1092,1377
4777,1092
1093,6942
7212,1093
1094,5437
4934,1094
1674,1095
5413,1096
1097,7469
1188,1097
1098,2969
3094,1098
1099,2498
3687,1099
2128,1100
1101,4034
4044,1101
1102,3817
2891,1102
1103,3515
2082,1103
1104,4307
7020,1104
2831,1105
1106,6802
3778,1106
1107,2020
2410,1107
1108,4825
6797,1108
1109,2363
3372,1109
1110,3942
1112,3382
1411,1112
1113,2797
1114,5517
7454,1114
1115,5141
3912,1115
4421,1116
1117,5840
6215,1117
1118,2575
1130,1118
1119,4717
4188,1119
1120,7132
1121,4160
7433,1121
1122,4288
1123,5068
3737,1123
1124,6731
4839,1124
1125,6543
6877,1125
1126,6984
1127,3930
7002,1127
1128,3729
1849,1128
1129,1338
4978,1129
5222,1130
1131,4017
1966,1131
1132,4200
7236,1132
1133,2626
5079,1133
1134,2537
5943,1134
1135,3652
3945,1135
1136,6379
7371,1136
1137,2593
1138,1858
1386,1139
1140,3986
1141,6677
4486,1141
1142,7059
6567,1142
1143,3565
3105,1143
1144,6503
3625,1144
1145,1163
3535,1145
1146,5774
1452,1146
1147,7479
1148,2015
4423,1148
4776,1149
1150,3295
3547,1150
1151,5048
5494,1151
1152,4857
1868,1152
1153,3094
1639,1153
1154,3706
4000,1154
1155,1240
7234,1155
2684,1156
1157,1912
7051,1157
6290,1158
1159,1323
5037,1159
5000,1160
1161,2666
2578,1161
1162,2479
2047,1162
1163,5940
1164,5391
6632,1164
1165,5379
1166,3242
7045,1166
1167,3262
4261,1167
1168,2136
2503,1168
1169,3899
1170,2590
5356,1170
1171,6333
1394,1171
1172,5319
1718,1172
1173,5851
4475,1173
1174,2226
6850,1174
1175,5561
2704,1175
1176,4045
1177,4724
1184,1177
1178,2577
1682,1178
4786,1179
1180,3872
2563,1180
1181,7144
5052,1181
1182,6201
2365,1182
3128,1183
1443,1184
1185,1284
6908,1185
1186,2890
6813,1186
1187,7182
1607,1187
2685,1188
1189,7104
1190,1901
1862,1190
6237,1191
1192,3543
3758,1192
1193,5862
2029,1193
1194,5210
1803,1194
1195,3677
5812,1195
1196,4654
7416,1196
1197,4684
6832,1197
1198,6063
1319,1198
4718,1199
1200,1554
2543,1200
1304,1201
1202,5902
5045,1202
1203,5959
5988,1203
1204,5641
7019,1204
1205,3791
2523,1205
1206,1696
2001,1206
1207,3720
5513,1207
1208,5018
1365,1208
1209,4530
2535,1209
4789,1210
3939,1211
1212,6104
1213,4722
1471,1213
1251,1214
1215,6101
5569,1215
1216,1563
3972,1216
1217,3580
4796,1217
1218,6826
2994,1218
1219,3634
4386,1219
5904,1220
1221,1447
3454,1222
1223,5449
2433,1223
1224,6970
4771,1224
6202,1225
1226,6079
5908,1226
1227,5422
2286,1228
1229,1448
7123,1229
1230,7262
5440,1230
1231,1675
1888,1231
1232,4409
6030,1232
1233,4854
2490,1233
1234,1987
7456,1234
1235,4836
1416,1235
3514,1236
1237,4701
5478,1237
5795,1238
5393,1239
1240,1315
1241,3550
7412,1242
1243,4898
1766,1243
1244,3373
1543,1244
1245,1402
2858,1245
1246,7259
3700,1246
1248,1354
4706,1248
1249,6312
3892,1249
1250,6121
5309,1251
1252,4940
1524,1252
1253,3285
7233,1253
1254,1551
1255,2859
4173,1255
1256,6427
3096,1256
1257,2835
5483,1257
1258,2499
1532,1258
1259,4851
5602,1259
1260,6513
5680,1260
1261,1896
2862,1261
1262,4590
4113,1262
1263,6306
2013,1263
1264,7035
6562,1264
1265,6471
6260,1265
1266,7462
1267,6130
3121,1267
1268,6751
6757,1268
1269,7157
1270,7285
5550,1270
1271,2403
1991,1272
1273,1953
7304,1273
1274,4406
5091,1274
1275,3946
7240,1275
1276,2072
4107,1276
1277,1665
1912,1277
3893,1278
1279,1938
3326,1279
1280,2968
1281,3879
2682,1281
1282,2192
2126,1283
1284,7045
1552,1285
1286,4982
1287,4554
2245,1288
1758,1289
1290,2292
1760,1290
1291,3859
6792,1291
2497,1292
1293,4992
3723,1293
1294,1445
2826,1294
7373,1295
1296,7121
6718,1296
5893,1297
1298,5348
6296,1298
1299,4595
5386,1299
1300,2568
7312,1300
1301,7044
7058,1301
1302,1617
5410,1302
1303,7270
5515,1303
2915,1304
1594,1305
1306,1431
1450,1306
1307,2379
2597,1307
1308,2945
7434,1308
1309,4293
2707,1309
1310,7087
3319,1310
1311,6747
3772,1311
1312,3982
7347,1312
1313,3881
7405,1313
1314,3955
3028,1314
1315,1726
1316,1518
4192,1316
1317,3098
6340,1317
1318,6030
6948,1318
5524,1319
6864,1321
1322,6789
1323,3198
1324,4065
3109,1324
1325,1527
2885,1325
4409,1326
1327,5970
7001,1327
2354,1328
1329,1793
3081,1329
1330,5566
4665,1330
6794,1331
1583,1332
1333,5004
5772,1333
1334,3576
3991,1334
6349,1335
1336,7196
6566,1336
6326,1337
1338,5499
1339,2917
3110,1339
1340,4286
6044,1340
1341,6574
1342,7080
1343,4873
4180,1343
1344,5201
5779,1344
1345,6690
3300,1345
1346,6795
2943,1347
1348,5605
2616,1348
1349,2750
1893,1349
1350,7409
4166,1350
1351,6034
1385,1351
5768,1352
1353,3168
2828,1353
1354,7062
2093,1355
1356,5540
3276,1356
1357,6921
3871,1357
1358,5713
1359,3572
6205,1359
1360,3351
7459,1360
1361,4281
3336,1361
7174,1362
1363,4605
2201,1363
2851,1364
4681,1365
1366,5139
7056,1367
1368,1805
6191,1368
1369,7226
1370,5368
6145,1370
1371,5865
6834,1371
1372,5084
6669,1372
1373,4348
1374,6937
3345,1375
1376,5328
6189,1376
1377,3438
1378,5703
6633,1378
5987,1379
1380,6337
3904,1380
1381,1803
1382,5468
1383,5983
6389,1383
1384,2153
2568,1384
3968,1385
6517,1386
1387,3831
2264,1387
1388,2856
1845,1388
1389,6594
3509,1389
1390,3492
1391,5065
2736,1391
1392,2056
7214,1392
1393,4956
3467,1393
7325,1394
1395,6564
7277,1395
1396,3073
4967,1396
1397,4422
7027,1397
1398,2818
1399,5965
2157,1399
1400,4577
1401,2375
2491,1401
1402,2494
1403,3446
7250,1403
5160,1404
1405,6711
4724,1405
1406,4760
3762,1406
1407,7275
5785,1407
2304,1408
1409,6257
7349,1409
5625,1410
1412,6539
5181,1412
1413,2772
1434,1413
1414,7139
3364,1414
1415,3686
6409,1415
5679,1416
1417,3129
1899,1417
1418,6570
6420,1418
1419,1571
3630,1419
1420,6388
4264,1420
1421,6267
3983,1421
1422,5711
1423,5174
4321,1423
1425,2769
1426,2456
4509,1426
1427,4484
1428,7251
2844,1428
1429,2140
2052,1429
1430,5687
7008,1430
1431,3215
1432,4303
7348,1432
1433,2896
2663,1433
1974,1434
1435,7456
2756,1435
1436,2360
1976,1437
2421,1438
1439,4027
2467,1439
1440,6936
1542,1440
1441,5597
1442,4849
3224,1442
3869,1443
3158,1444
1445,3676
1446,4832
2515,1446
1447,2864
1448,4865
1449,5264
1860,1449
4022,1450
1451,6790
3978,1451
6110,1452
1453,4296
6721,1453
1454,3560
1455,2913
5648,1455
1456,5580
5409,1456
1457,2872
7105,1457
1458,3139
6703,1458
1459,3645
2731,1459
1461,2881
1462,2765
5427,1462
1463,5107
4659,1463
1464,7260
2373,1464
1465,4704
7423,1465
1466,7349
2196,1466
1467,6793
6605,1467
1468,7359
7003,1468
1470,5126
6904,1471
1472,5795
7128,1472
1473,7228
5242,1473
1474,5331
2176,1474
1475,1748
5633,1475
2262,1476
5603,1477
1478,4899
4601,1478
1479,7147
2924,1479
1480,7153
6524,1480
7417,1481
4133,1482
1483,5732
4487,1483
1484,3609
5644,1484
1485,6892
7451,1485
1486,4621
5314,1486
1487,1612
1488,3056
5033,1488
1489,2995
3391,1489
1490,5329
2308,1490
4104,1491
1492,4141
5981,1492
1493,2406
6568,1493
1494,7266
1495,6346
7332,1495
2413,1496
1497,1502
1498,3366
4396,1498
1499,7186
5303,1499
1500,2487
1998,1500
1501,6401
2824,1501
1502,3406
7153,1503
3815,1504
1505,5064
5162,1505
1506,5760
7070,1506
1507,4093
1508,2332
3148,1508
1509,1740
1865,1509
1510,6490
4641,1510
1511,3280
2493,1511
1512,5145
3820,1512
1513,4498
7006,1513
1514,4998
3736,1514
1515,3402
5646,1515
1516,4949
6968,1516
1517,3517
6010,1517
1518,3993
1519,3858
4367,1519
1520,2003
1521,4023
4944,1521
1522,4374
4720,1522
1523,7013
3948,1523
6626,1524
1526,7357
4788,1526
1527,5734
1528,3541
6767,1528
1529,6224
6436,1529
1530,4555
7025,1530
1531,7348
5485,1531
7107,1532
1533,1642
4381,1533
1534,6123
6565,1534
1535,3450
1536,2817
3644,1536
5854,1537
1538,6469
4347,1538
1539,6489
4092,1539
1540,2214
4296,1540
1541,4358
1840,1541
4684,1542
6900,1543
1544,3389
2242,1544
1545,3011
4467,1545
1546,7154
1547,3282
4383,1547
1548,6043
4106,1548
1549,6125
1550,2630
5810,1550
1551,4389
5822,1552
1553,4229
1554,7009
1555,5412
1722,1555
1556,6779
1557,4787
4687,1557
1558,5213
1559,5171
3695,1559
1560,5188
4821,1560
1561,3828
6315,1561
1562,5756
3519,1562
1563,7082
1564,7351
1942,1564
1565,4693
5718,1565
1566,4821
1567,5290
1634,1567
1568,5809
4980,1568
1569,5081
2496,1569
1570,6082
4370,1570
1571,5146
1572,4758
2980,1572
1573,6580
2784,1573
1574,3060
2104,1574
1575,3818
6076,1575
1576,5958
2236,1576
1577,6478
7291,1577
1578,2150
7260,1578
1579,6827
2902,1579
1580,4933
5615,1580
1581,1950
4736,1581
1582,3504
1970,1583
1584,4178
6100,1584
1585,5667
1586,3753
1894,1586
1587,5135
2514,1587
1588,6769
3396,1588
1589,6285
7290,1589
1590,6492
4639,1590
1591,3392
1592,1695
6527,1592
1593,6985
6469,1593
2316,1594
1595,7077
2233,1595
1596,3470
5487,1596
1597,2465
2940,1597
1598,5324
1599,5919
2955,1599
1600,2848
6473,1600
1601,4047
7180,1601
1602,2741
4074,1602
6324,1603
1604,3851
2781,1604
1605,1945
7024,1605
1606,4581
6974,1606
2562,1607
1608,5532
6973,1608
1609,3329
2732,1609
1610,6354
5827,1610
1611,5282
7398,1611
1612,4426
1613,3110
4847,1613
1614,5005
1615,6550
1616,7150
4352,1616
1617,3976
1618,6662
2062,1618
1619,6771
5588,1619
1620,4267
4150,1620
1621,1940
4358,1621
1622,5727
3040,1622
1623,1984
1624,4569
2834,1624
1625,6965
3456,1625
1626,4177
4807,1626
1627,3376
1628,2725
4470,1628
7084,1629
1630,3213
2170,1630
1631,6468
3751,1631
1632,2323
5006,1632
1633,4441
7235,1633
4928,1635
1636,3674
1637,2974
4010,1637
1638,3442
4500,1638
5486,1639
1640,2733
6302,1640
1641,4660
3007,1641
1644,2434
5450,1644
1645,5057
6197,1645
2639,1646
1647,4794
2475,1647
4667,1648
1649,7276
5899,1649
1650,5347
6675,1650
1651,2862
2450,1651
6709,1652
6183,1653
1654,5013
4989,1654
1655,7429
2142,1655
1656,3907
1657,6888
1733,1657
1658,4658
2100,1658
1659,3848
1828,1659
2898,1660
1661,5178
6698,1661
1662,4543
1663,5675
3302,1663
1664,4891
6818,1664
1665,3659
1666,6990
2984,1666
1667,6637
7361,1667
1668,7041
7386,1668
1669,5138
7166,1669
1670,2930
2656,1670
1671,4125
6083,1671
3119,1672
1673,6110
6416,1673
6038,1674
1675,4271
1676,4473
2536,1676
1677,3333
3803,1677
3848,1678
1679,4516
7179,1679
6584,1680
1681,4015
2589,1681
1789,1682
1683,1866
2900,1683
5882,1684
1685,7406
1686,5726
4961,1686
1687,7043
1688,6191
2400,1688
1689,4895
7232,1689
1690,3904
7225,1690
1691,3489
3122,1691
1692,2480
6137,1692
3243,1693
1694,6678
5369,1694
1695,5493
1696,3633
1697,5666
5612,1697
1698,5731
3586,1698
1699,4620
2531,1699
1700,5127
4824,1700
1701,6144
4613,1701
4914,1702
1703,6870
2843,1703
1704,7387
6216,1704
1705,5494
2180,1706
1707,5929
5208,1707
1708,6278
1709,6006
1710,6139
4394,1710
1711,6821
6161,1711
1712,5288
7165,1712
1713,3730
4498,1713
1714,6158
2688,1714
7087,1715
1716,6729
4775,1716
1717,5229
6348,1717
5845,1718
1719,5053
4222,1719
1720,6812
5976,1720
1721,3455
5165,1721
5174,1722
1723,6741
3331,1723
1724,4518
6821,1724
1725,2674
1726,3383
1727,2547
2063,1727
1728,2451
6987,1728
4272,1729
1730,2705
3054,1730
1731,5359
2007,1731
1732,5440
6945,1732
1734,7195
1735,4985
1834,1735
1736,2471
2250,1736
1737,5128
6918,1737
1738,4685
5297,1738
1739,4754
6643,1739
1740,3777
1741,4968
1742,1861
1743,4759
6481,1743
1744,3526
3118,1744
1745,3844
6872,1745
1746,5763
4868,1746
1747,6928
1955,1747
1748,2308
1749,3414
7170,1749
5396,1750
4812,1751
1752,6302
6937,1752
1753,7440
3649,1753
1754,6414
5982,1754
1755,6270
4040,1755
1756,6001
1922,1756
1757,4888
5117,1757
6251,1758
1759,2564
5745,1759
7384,1760
1761,1943
7259,1761
3847,1762
4259,1763
6869,1764
1765,3898
6995,1765
5001,1766
1767,3836
7065,1767
7088,1768
1769,2174
6611,1769
1770,7028
2292,1770
1771,6185
1772,2139
6113,1772
1773,6342
2137,1773
2197,1774
6898,1775
1776,2030
2244,1776
1777,5095
5519,1777
1778,3106
3990,1778
1779,5241
1780,6719
6028,1780
1781,4736
2726,1781
1782,3461
7147,1782
1783,3403
6689,1783
1784,5783
2872,1784
1785,3203
7014,1785
6969,1786
1787,2847
6761,1787
1788,4077
6942,1788
2231,1789
1790,2869
3490,1790
1791,3212
6518,1791
4268,1792
1793,4399
1794,3499
1795,3090
1796,1975
6622,1796
1797,5016
1798,7128
5642,1798
1799,2644
5673,1799
1800,3058
3082,1800
1801,3582
2678,1801
1802,5446
5806,1802
2553,1804
1805,5858
6438,1806
1807,2737
4020,1807
1808,5205
6134,1808
1809,5164
4502,1809
1810,7048
4855,1810
1811,2663
1812,1911
1931,1812
1813,3629
6553,1813
1814,6268
1817,1814
1815,2481
4694,1815
1816,1942
5338,1816
2896,1817
1818,5941
4597,1818
1819,5047
6556,1819
1820,7231
4602,1820
1821,6327
6175,1821
1822,7167
5843,1822
1823,6975
5641,1823
1824,6837
4080,1824
1825,5668
1826,4765
2711,1826
1827,5375
7032,1827
5736,1828
1829,5073
4551,1829
3741,1830
1831,6321
7101,1831
1832,6813
7429,1832
1833,2524
2832,1833
5243,1834
1835,5021
6388,1835
1836,4677
6094,1836
1837,4900
7256,1837
1838,5908
1839,2693
5153,1840
1841,3616
4912,1841
1842,5803
3752,1842
1843,2706
2336,1843
1844,2813
2744,1844
1846,6361
7446,1846
1847,3190
5315,1847
1848,2131
2820,1848
2918,1849
1850,3044
2283,1850
1851,5009
2195,1851
1852,3519
2208,1852
4479,1853
6735,1854
1855,5066
7096,1855
1857,2721
2203,1856
6587,1857
1858,6242
1859,5260
3628,1859
6403,1860
1861,5984
5203,1862
1863,3733
6749,1863
1864,5894
7466,1864
4691,1865
1866,5311
1867,3068
4890,1867
1869,4381
5809,1869
1870,3573
2863,1870
1871,3882
3013,1871
1872,1907
4921,1872
1873,5931
3144,1873
1874,6405
7411,1874
1875,4756
6483,1875
1876,5460
1921,1876
1877,3888
6008,1877
1878,5389
7281,1878
1879,4444
4093,1879
1880,2724
3994,1880
1881,4252
1882,7149
2030,1882
5326,1883
3285,1884
1885,6508
5929,1885
1886,2607
4529,1886
1887,2155
4569,1888
1889,4337
7114,1889
1890,1909
4210,1891
1892,4625
3541,1892
5140,1893
5331,1894
1895,2887
3034,1895
1896,4314
2313,1897
1898,3293
6024,1898
2426,1899
1900,2844
5598,1900
1901,3054
1902,4616
6411,1902
1903,6868
3694,1903
1904,5417
6138,1904
1905,4201
3116,1905
1906,2271
5717,1906
1907,6622
1908,7115
3821,1908
1909,2054
6691,1910
1911,4375
1913,2843
6250,1913
1914,4247
1951,1914
1915,3864
7034,1915
1916,3680
2281,1916
4119,1917
6301,1919
1920,7385
4956,1920
6419,1921
2427,1922
1923,2963
3420,1923
1924,6895
3999,1924
1926,6272
5604,1925
6131,1926
1927,2169
7110,1927
1928,5156
5307,1928
4679,1929
3673,1930
3933,1931
1932,4118
5880,1932
1933,6206
4854,1933
1934,3925
3868,1934
1935,6177
3129,1935
4162,1936
1937,5496
5142,1937
1938,2012
1939,2484
4784,1939
1940,6934
1941,4365
1943,4950
1944,5971
3076,1944
1945,2194
3062,1946
1947,5162
3528,1948
1949,5652
6902,1949
3690,1951
1952,5562
3635,1952
1953,4138
1954,2063
5767,1954
4269,1955
1956,4284
3807,1956
1957,1959
5873,1957
1958,6396
5417,1958
1959,5134
2615,1960
1961,6583
6849,1961
1962,6259
1963,2367
4053,1963
1964,4820
4739,1964
1965,6358
2228,1965
1967,7281
5764,1967
1968,4552
5971,1968
1969,7478
6140,1969
5919,1970
6808,1971
2147,1972
1973,6906
2089,1973
2353,1974
1975,6045
5560,1976
1977,3679
3732,1977
1978,3104
3642,1978
1979,7218
2164,1979
1980,6542
7211,1980
1981,4809
2370,1981
1982,6776
1983,3630
4779,1983
1984,7174
1985,6732
6059,1985
1986,7158
3910,1986
1987,2631
1988,2934
2276,1988
1989,5237
1990,3863
3697,1990
1992,4534
3953,1992
1993,4651
1994,2161
3212,1994
1995,4211
5179,1995
1996,6038
5260,1996
1997,4965
6307,1997
4531,1998
1999,4631
2664,1999
2000,7383
4156,2000
6851,2001
2002,6658
3370,2002
2003,6112
2004,5216
2005,4228
3876,2005
2006,7184
3941,2006
6754,2007
2008,5099
7029,2008
2009,5590
5089,2009
2010,3740
6157,2010
2011,5980
2124,2011
2012,5820
5305,2013
2015,6657
2016,2251
2017,3644
4291,2018
4273,2019
2020,7097
2021,3511
6515,2021
2022,2773
5310,2022
2023,2038
6494,2023
2024,6168
2809,2024
2025,3542
4516,2025
2026,6319
2392,2026
6625,2027
2028,5961
3381,2028
2031,3061
6953,2031
2032,4261
5163,2032
2033,3074
6372,2033
2034,2242
3092,2034
2035,4834
2036,2935
6474,2036
2037,2981
5655,2037
2038,2197
2039,2802
6991,2039
2040,3553
3166,2040
2041,3471
4415,2041
2042,2340
2057,2042
2043,3761
5626,2043
4797,2044
2045,6455
6240,2045
2457,2046
3717,2047
6651,2048
2049,4526
6992,2049
6510,2050
2051,6353
6899,2051
4101,2052
2053,7042
2055,6876
6345,2055
2058,3095
3141,2058
2059,2994
6507,2059
2060,5705
6232,2060
2061,6645
4741,2061
2064,2181
4849,2064
2065,2516
4501,2065
2066,6033
2758,2066
6108,2067
3470,2068
2069,6887
4994,2069
2070,7162
3992,2070
2071,6714
4079,2071
2072,7448
2073,7255
4090,2073
2074,2875
7432,2074
2076,3870
6677,2076
2077,7363
4248,2077
2078,4133
5924,2078
5623,2079
2080,7027
4972,2080
2081,2686
5072,2081
2912,2082
2083,2849
2084,4768
2085,5644
7318,2085
2086,3893
6728,2087
2088,6695
7083,2088
3354,2089
2090,2841
4564,2090
2091,3231
5216,2091
2092,6673
6578,2092
4478,2093
2094,3669
2095,5000
6143,2095
2096,6179
2561,2096
2097,6070
3783,2097
2098,6057
3927,2098
2099,5322
6513,2099
3977,2100
2101,6397
3931,2102
2103,4603
7219,2103
5434,2104
2105,6545
5194,2105
2106,5764
3663,2106
2107,3003
7059,2107
2108,4750
3453,2108
2109,5360
5565,2109
2110,5244
4147,2110
2559,2111
2112,2220
6209,2112
5974,2113
2114,6547
2115,6389
3475,2115
2116,4274
2741,2116
2626,2117
2118,2273
5007,2119
2120,7297
6441,2120
2121,5450
2939,2121
2122,3233
4043,2122
2123,3682
4844,2123
6874,2124
4594,2125
2127,7353
4006,2127
5546,2128
5011,2129
2130,2151
2131,5892
2132,3824
2133,2990
3275,2133
2134,6447
6318,2134
6330,2135
5313,2137
2668,2138
2139,3841
2140,6436
2141,4955
4116,2141
3042,2142
2143,2989
3070,2143
2144,4454
3274,2144
2145,4227
3422,2145
4923,2146
6219,2147
2148,2311
2794,2148
2149,7305
3507,2149
2150,6178
2152,2898
2719,2152
2345,2154
2155,7273
2156,4495
3236,2156
6536,2157
2158,7334
3329,2158
2159,7211
3560,2159
2160,2852
3760,2160
2161,5798
2162,7063
2163,4026
4658,2163
7218,2164
2165,2723
2418,2165
2167,7106
5334,2167
2168,5251
6075,2168
2169,6021
4280,2170
2171,5308
2172,5001
6229,2172
2173,4405
7074,2173
2174,2182
2175,4945
4473,2175
2177,2673
4197,2177
2178,4373
6819,2178
2179,6952
3444,2179
2181,3821
2182,3562
2183,2417
5020,2183
2184,6836
2185,4012
5759,2185
2186,2954
2187,5832
2455,2187
6557,2188
2189,4010
3711,2189
2191,3718
4675,2191
2192,4727
2193,2653
2194,3853
6354,2195
2806,2196
2198,3255
2999,2198
2199,7290
3603,2199
2200,5208
6384,2200
6620,2201
5081,2203
2204,4988
3171,2204
6386,2205
2206,6762
5903,2206
2207,2821
6803,2207
6730,2208
2209,7431
2210,2464
5816,2210
2211,6450
2212,4037
4418,2212
2213,4860
5143,2213
2214,3683
2215,5876
3618,2215
2216,6641
6499,2216
2217,5991
2218,5008
5509,2218
2219,3815
2220,6098
2221,4067
5952,2221
5177,2222
2223,4167
3936,2223
2224,4031
4019,2224
2225,5059
4579,2225
2226,6613
2227,3728
5966,2227
4348,2228
2229,3081
2385,2229
2230,4039
3252,2230
2340,2233
2234,6551
6686,2234
4316,2235
4608,2236
2237,3501
3828,2237
2238,6656
6118,2238
2239,4071
4206,2239
2240,4862
6765,2240
2241,5153
3334,2241
2243,2620
2761,2243
3281,2244
4752,2245
2246,3558
5389,2246
2247,3128
3749,2247
4778,2248
3172,2249
6793,2250
2251,5904
2252,6483
4795,2252
2253,3111
2254,6684
2522,2254
2255,5395
5233,2255
2256,5508
6826,2256
2258,5397
2259,4233
7353,2259
2260,2276
5607,2260
2261,7205
3527,2261
6332,2262
2263,4363
7427,2264
2265,3778
5870,2265
2266,5105
3438,2266
2267,4748
6418,2267
3241,2268
2269,4295
5526,2269
6732,2270
2272,3253
2273,7432
2274,5887
7069,2274
5269,2275
4105,2277
5562,2278
2279,5477
2280,2366
5581,2280
6666,2281
2282,4367
2363,2283
2284,5788
3781,2284
2285,3374
6166,2286
2287,6011
3650,2287
2288,5589
4095,2288
2289,5573
6702,2289
2290,5294
5127,2290
2291,3428
2293,7100
6383,2293
2294,4469
3183,2294
2295,2350
2296,5315
2989,2296
2297,3024
3794,2297
2298,4166
2299,5679
3513,2299
2300,5598
5614,2300
2301,4811
2683,2301
2302,5214
2303,6786
6446,2303
3476,2304
2305,3964
5670,2305
2306,3436
7082,2306
2307,2822
3993,2307
2309,7204
7410,2309
7266,2310
2311,6370
2312,3027
6662,2312
3567,2313
2314,4326
5782,2314
2315,6859
2745,2315
3091,2316
2317,4884
2318,5811
3923,2318
2319,3337
3135,2319
2320,6740
2321,5257
3344,2321
2322,7311
2696,2322
2324,3719
5124,2324
4262,2325
2326,6462
6873,2326
3048,2327
2328,6905
4962,2328
2329,5737
3068,2330
2331,2712
2976,2331
2335,3816
6720,2335
2337,4487
5942,2338
2339,6966
7321,2339
2341,5426
4012,2341
2818,2342
5737,2343
2344,2839
3523,2344
6756,2345
2346,4364
4324,2346
2347,5836
2348,5674
2349,5076
2350,2437
6719,2351
2352,5220
4696,2353
3883,2354
2355,4110
5608,2355
2356,3619
4320,2356
2357,5054
2780,2357
2358,6760
3191,2358
4842,2359
2361,7253
5420,2361
2362,2715
7280,2362
2364,5797
5115,2364
5345,2365
2366,5447
2367,5240
2368,6908
4565,2368
2369,3475
5814,2369
5358,2370
2371,5150
6492,2371
2372,3673
4581,2372
6295,2373
2374,2751
5807,2374
2376,7294
2377,4896
7043,2377
2378,4669
5447,2378
2379,6565
2380,4856
6939,2380
2381,3320
2382,2409
5196,2382
2383,2902
4963,2383
2384,2812
7253,2384
5336,2385
2386,2475
7184,2387
2388,3107
7062,2388
2389,4447
2390,3069
4148,2390
2391,4331
6771,2391
3164,2392
2393,6651
6192,2393
2652,2394
2395,6154
5518,2395
2396,5346
6179,2398
2399,6305
6863,2399
4714,2400
2401,4390
3077,2401
2402,7212
2403,6075
2404,4068
2449,2404
2405,6746
7115,2405
2406,6199
2407,5277
5830,2407
2408,4301
3566,2408
3589,2410
2411,4622
2412,6791
5937,2412
3819,2413
2414,4272
4055,2414
2415,4504
2416,3250
3795,2416
5056,2418
2419,6269
6091,2420
3739,2421
2422,6818
2423,4560
2424,6371
5993,2424
2425,5827
4071,2425
6828,2427
2428,3243
4194,2428
2429,4519
4073,2429
2430,5830
5748,2430
2431,3690
4491,2431
2432,3790
4353,2432
4157,2433
2434,3738
2435,2482
3768,2435
2436,4643
4427,2436
2437,7175
2438,5883
2440,3422
6799,2440
2441,4558
3021,2441
2442,2621
6171,2442
2443,4816
7254,2443
2444,3472
4366,2444
2445,6610
2672,2445
2446,5709
6977,2446
2447,6491
4773,2447
2448,6407
6128,2448
6647,2449
6996,2450
5026,2453
2454,2950
4950,2454
5579,2455
2456,5789
7473,2457
2458,4745
6833,2458
2459,5900
2963,2459
2460,6901
4176,2460
2461,4718
2462,7438
2670,2462
2463,7287
7272,2463
2464,4188
2465,6998
2466,5514
2759,2466
3531,2467
3482,2468
2469,7179
7247,2469
2470,7032
6226,2470
2471,6626
2472,4506
2473,4963
3552,2473
2474,3084
3857,2474
2476,3066
2477,6233
2478,7222
6268,2478
2479,3826
2480,6466
2481,3767
2482,6581
2483,3183
2484,4627
2485,3325
5660,2485
2486,7373
6401,2486
2487,3424
2488,5635
6684,2488
2489,5527
2727,2490
6554,2491
4334,2492
6368,2493
2494,5524
2495,6421
7167,2495
6275,2497
2498,2507
2499,4074
2500,7435
6636,2500
2501,4231
6346,2501
2502,6877
6124,2502
5797,2503
2505,5350
2987,2505
2506,5856
4906,2506
2507,6536
2508,7411
7004,2508
2509,5747
5656,2509
2510,3689
4562,2510
2511,6217
3146,2511
2512,6537
6455,2512
2513,3187
3727,2513
7176,2514
4800,2515
2516,2833
2517,6438
6905,2518
2519,3840
7196,2519
2520,5895
3675,2520
2521,7050
6096,2521
4705,2523
2524,7123
2525,7053
4495,2525
2526,6938
7078,2526
2527,4277
5723,2527
2529,3304
2573,2529
4290,2531
2532,5696
4191,2532
2533,4202
5489,2533
2534,5039
5416,2535
5967,2536
2537,5616
2538,4042
2539,4186
7143,2539
2542,7197
5195,2542
6896,2543
2544,2691
5134,2544
2545,6680
5983,2546
2548,6244
6442,2548
2549,3411
2550,3188
4032,2550
2551,7333
2552,4746
6690,2552
4224,2553
2554,6445
7375,2554
2555,6638
5640,2555
6599,2556
2557,7386
4108,2557
3800,2558
6672,2559
2560,3643
4140,2560
7155,2561
7453,2562
5503,2563
2564,7401
2565,6194
5084,2565
2566,6080
4158,2566
2567,6176
4711,2567
2569,3352
5110,2569
3569,2570
2571,5886
2572,2709
4871,2572
4817,2573
3787,2574
2576,4774
2922,2578
2579,6947
3195,2579
7474,2580
2581,7068
5947,2581
2582,3747
4971,2582
5538,2583
2584,7090
3624,2584
2585,5415
2792,2585
5749,2586
2587,6694
5778,2587
2588,3131
2925,2588
3756,2589
2590,3653
2591,3223
3966,2592
2593,3047
2594,5471
4453,2594
3165,2595
2596,4082
5035,2596
6126,2597
2598,3911
7419,2598
2599,3126
2655,2599
2600,6260
7171,2600
2601,4665
6280,2601
2602,5585
2603,5242
4356,2603
2604,3656
6000,2604
2605,3670
2606,6571
4230,2606
2607,2971
4118,2608
2609,7111
6169,2609
2610,3994
5318,2610
2611,2836
2612,5165
2613,2943
2614,3291
7424,2614
4808,2615
3692,2616
2617,4203
3938,2617
2618,3008
2619,6069
7220,2619
2620,6453
2621,6096
2622,6014
4619,2622
2623,6332
7116,2623
2624,4170
4599,2624
2625,6495
3632,2625
2627,3527
7210,2627
2628,2771
6078,2628
2629,6995
3333,2629
2630,6883
2631,6234
2632,7002
3004,2632
3324,2634
2635,3528
2636,3641
2637,4989
3169,2637
2638,6463
5012,2639
2640,4609
6983,2640
2641,7051
6644,2641
2642,7321
2706,2642
2643,7410
7204,2643
2644,5243
2645,7056
4515,2645
2646,5981
6381,2646
2647,6237
4719,2647
2648,4176
4035,2648
3652,2649
2650,3708
6763,2650
2651,4310
2952,2652
2653,6607
2654,7202
3136,2654
6949,2655
4743,2656
2657,6497
7137,2657
2658,6273
6746,2658
2659,4456
3089,2659
2660,6602
4782,2660
2661,5728
3662,2661
2662,6255
5743,2662
6067,2664
2665,3487
5422,2665
2667,3372
6082,2667
4342,2668
6989,2669
6540,2670
2671,4576
6998,2671
5016,2672
2673,5878
4182,2675
2676,6035
3067,2676
2677,5871
4943,2677
6867,2678
2679,4953
3441,2679
2680,7291
3757,2680
2681,4440
6529,2681
3011,2682
4942,2684
3153,2685
3323,2687
4170,2688
2689,3356
6798,2689
2690,3873
3643,2690
2691,3544
2692,3313
6736,2692
2694,3554
3973,2694
7330,2695
2836,2696
4630,2697
2698,7304
4212,2698
2699,2761
2700,5335
2701,3712
5962,2701
2703,2711
4183,2703
3140,2704
2708,6978
4251,2708
2709,3727
6125,2710
2712,5995
2713,4156
2714,7171
5376,2714
2715,7236
2716,6833
2717,4981
3906,2717
2718,5136
7149,2718
4062,2719
2720,5247
4803,2720
2721,6726
2722,3323
2723,6304
2724,5594
2725,3545
2728,4636
3051,2728
2729,3596
5444,2729
2730,4944
6023,2731
2733,4903
2734,3850
5042,2734
2735,3176
5137,2735
3156,2736
2738,6423
5921,2738
2739,7046
6188,2739
6004,2742
2743,6381
6199,2743
5980,2745
3307,2746
2747,3604
2748,3303
3346,2748
2749,3913
3149,2749
2750,4726
2751,2776
2752,3702
2753,3500
5613,2753
2754,3871
5940,2754
2755,5853
5589,2755
3964,2756
2757,5612
3154,2757
3150,2758
3265,2759
2760,3681
6682,2760
2762,6633
4232,2762
2763,3602
5223,2763
2764,3067
6909,2764
2765,6576
2766,5321
7387,2766
7257,2767
2768,6390
2769,3857
2770,2973
2771,3892
2772,5833
2773,3378
2774,5602
5265,2774
3019,2775
2776,6715
2777,2905
6618,2777
2778,5990
6390,2778
2927,2779
6938,2780
6610,2781
2782,6809
5666,2783
6164,2784
2785,3379
7040,2785
2786,4260
4557,2786
2787,6161
2788,6329
3521,2788
2789,6698
3230,2789
2790,4869
2791,3696
6498,2791
3506,2793
4024,2794
2795,7329
2995,2795
5342,2796
2797,7187
3901,2798
2799,6347
6335,2799
2800,5516
3505,2800
2801,6271
6842,2801
2802,5831
2803,6951
2804,3612
3409,2804
2805,6003
7422,2805
5916,2806
2807,5553
5796,2807
5958,2809
4226,2810
2811,7421
3095,2811
2812,5817
2813,5855
2815,4287
2816,4568
3731,2816
2817,4935
6203,2819
3984,2823
2825,5912
7468,2825
4919,2827
6274,2828
3250,2829
2830,6018
3254,2830
4363,2831
2934,2832
2833,3513
2835,3146
2837,5615
6365,2837
2838,4912
5106,2838
2840,4578
6292,2840
2841,5966
2842,4796
4770,2842
2845,6799
3002,2845
2846,5975
6852,2846
2847,5824
2848,6967
2849,4662
2850,6568
4143,2850
2852,4608
2853,5476
4997,2853
2854,4359
4645,2854
2855,5029
4301,2855
2856,7454
2857,5252
5867,2858
2859,3741
2860,2972
4204,2860
2861,6723
3659,2861
2864,4975
2865,6475
4685,2865
2866,5955
3592,2866
2867,4479
2868,7127
4799,2868
2869,5753
2870,5108
3161,2870
4393,2871
2873,6914
3049,2873
2874,7382
2875,4055
6218,2876
4123,2877
2878,7468
5397,2878
2879,3983
7238,2879
2880,3312
6829,2880
2881,5720
2882,7322
6534,2882
2883,3615
4085,2883
2884,7413
6099,2884
7245,2885
2886,4219
2887,7160
5156,2888
2889,5976
6273,2889
2890,4894
5995,2891
6890,2892
2893,6386
4815,2893
2894,5271
4266,2894
4149,2895
2897,5187
7113,2897
3098,2899
5249,2900
6843,2901
4277,2903
2904,4799
6786,2904
2906,3785
4112,2906
2907,5478
5173,2907
2908,4128
4660,2908
2909,6634
3465,2909
2910,4637
3763,2910
2911,3854
5088,2912
2913,3811
2914,7425
6392,2914
2916,4824
4448,2916
2917,7142
2953,2918
2919,3236
7452,2919
2920,4250
4165,2920
2921,5749
3266,2921
6380,2922
2923,4345
5343,2923
4587,2924
3915,2925
2926,4376
4996,2926
3538,2927
2928,6350
6714,2928
2929,4327
6133,2929
2930,4615
2931,6238
4066,2932
2933,5535
5296,2933
2936,3917
6270,2936
2937,7412
6293,2937
5900,2938
5911,2939
2941,2997
5949,2941
2942,6708
6695,2942
2944,4864
5744,2944
2945,4154
2946,5292
6628,2946
2947,4117
5869,2947
2948,3808
4484,2948
2949,4815
3850,2949
4758,2951
6068,2952
2954,3512
5507,2955
2956,7443
3805,2956
2957,4329
3362,2957
5239,2958
7134,2959
2960,5345
6102,2960
2961,7070
5837,2961
2962,3040
6817,2962
6725,2965
2966,7437
5577,2966
2967,5979
2968,4698
2969,3788
2970,6862
7378,2970
2972,4510
2973,5159
2974,6107
2975,3287
5034,2976
6027,2977
2978,3154
3987,2978
2979,7193
5523,2979
6841,2980
2981,6071
2982,6691
5391,2982
2983,3722
3386,2983
3816,2984
2985,6932
5498,2985
2986,3505
4528,2986
6485,2987
2988,4442
7469,2988
2990,4114
2991,4567
3259,2991
2992,6097
2993,6939
5166,2993
2996,5410
6246,2996
2997,5930
2998,7278
4916,2998
6590,2999
3000,7427
5014,3000
3001,3655
4697,3001
3222,3002
3003,7168
3005,7474
6876,3005
6552,3006
4434,3007
3008,4626
3009,6683
6812,3009
3010,5744
4732,3010
3012,3127
5724,3013
6621,3014
3015,6065
4433,3015
4289,3016
3017,4508
5099,3017
3018,5452
4082,3018
6371,3019
3020,5998
3365,3020
3486,3021
7441,3022
3023,3228
3024,4790
3025,6903
7246,3025
3026,6983
5575,3026
3027,5867
6105,3029
3030,5982
5594,3030
3031,7102
3255,3031
3032,3089
6190,3032
3676,3033
6321,3034
3035,6831
4130,3035
3036,5533
3494,3036
4461,3037
3038,3426
5771,3038
3039,6100
5707,3039
3041,6212
4600,3041
6271,3042
3043,6738
7077,3043
3044,5560
3045,5221
6119,3045
3046,4142
3770,3046
3047,6589
6707,3048
3050,5636
4385,3050
3645,3051
3052,7248
7021,3052
3056,4347
3057,4075
4848,3057
3059,3170
6284,3059
3060,5017
3704,3062
3063,4060
7010,3063
6697,3064
3065,4882
4750,3065
3066,5380
3069,5124
6150,3070
7013,3071
3072,6092
6272,3072
3073,5505
3074,4168
3075,7198
6493,3075
5708,3076
4527,3077
3078,5662
3079,5045
7392,3079
3080,3354
5018,3080
3084,4129
3208,3085
3086,5863
3087,6572
5568,3087
3088,5714
3090,4158
5157,3092
3093,4089
4802,3096
3097,4503
4441,3097
3099,7093
4910,3099
3100,5575
3549,3100
3101,4930
3124,3101
3102,3737
3246,3102
3103,4324
6539,3103
3104,6920
5527,3105
3106,4102
3107,7083
3108,3546
4814,3108
4993,3109
3111,3462
3112,6171
4937,3112
3113,5899
5769,3113
4550,3114
3115,3279
4389,3115
3823,3116
3117,5875
4546,3117
3120,4922
5740,3120
6222,3121
3123,7073
3125,3132
5930,3125
3126,5031
3127,7342
3131,4134
3132,6412
5371,3133
3134,3249
7067,3136
5848,3137
3138,7216
3913,3138
3139,5497
7383,3140
4936,3141
3142,5261
5543,3142
3143,6165
6824,3143
5187,3144
3145,6175
7399,3145
3147,6700
3841,3147
4365,3148
3969,3149
6586,3150
3151,5910
3712,3151
3152,3713
3155,5489
4904,3155
7230,3156
3157,6598
3669,3158
3160,6143
4726,3160
3162,4582
3163,5770
3543,3163
4045,3164
6413,3165
3167,5118
3187,3167
3168,3623
3170,7449
5834,3172
3173,3938
5672,3173
3174,3668
5245,3174
6693,3175
3176,5312
3177,7360
3178,3458
3862,3178
3179,6819
7227,3179
3180,5341
3181,7191
6288,3181
3182,5994
4554,3182
3184,6311
3185,3193
3188,7058
3189,4868
3190,3317
3982,3191
3192,5614
3193,5102
3194,4308
4138,3194
4390,3195
3196,5550
3197,7364
7472,3197
3198,3943
3199,4689
6439,3199
3200,5596
4624,3200
3201,5024
3202,6251
5128,3202
3203,4248
3204,6365
6342,3204
6471,3205
3206,6777
4139,3206
3207,3611
3957,3207
3209,4795
3359,3209
3210,6696
3234,3210
5963,3211
3213,5119
3214,7169
3215,3480
3216,6149
3766,3216
3217,7066
6545,3217
3218,5313
-1,3218
3219,3700
5477,3219
3220,7374
7278,3220
3221,5223
4740,3221
3588,3222
3223,5669
6476,3224
3225,6367
6404,3225
3590,3226
3227,4509
5700,3227
3228,7378
3229,4000
5381,3229
7162,3230
3232,6506
4454,3232
7440,3234
4449,3235
3237,4209
3238,6796
3297,3238
3239,7361
6931,3239
3240,4139
7264,3240
4622,3241
7144,3244
3245,6025
5185,3245
3247,5839
3976,3247
3248,5896
3448,3248
3249,6904
3251,5947
5836,3251
3472,3252
3253,5676
3256,6146
3706,3256
3257,4780
4704,3257
4446,3258
3260,4120
5826,3260
3261,5509
5055,3261
3922,3263
3264,3919
4233,3264
4701,3265
3267,7030
6177,3267
3268,7017
3497,3268
3269,3371
6182,3269
3270,6555
3271,3646
6282,3271
3272,4613
4088,3272
3273,4097
6428,3274
4025,3275
3277,4494
3278,3889
7477,3278
3279,5528
3280,6672
5505,3281
3282,7166
3283,6558
4361,3284
3286,3654
5989,3286
3287,4413
3288,6424
6256,3288
6489,3289
3290,4980
4205,3290
3291,6020
4832,3292
3293,7473
3294,6449
4341,3294
3295,6663
3296,6844
4869,3296
4411,3297
3298,4808
6753,3298
3299,5881
6286,3300
4209,3301
4865,3302
3304,6618
3305,6247
3518,3305
3306,4598
6882,3306
3308,3940
5057,3308
3309,5506
5013,3309
3310,4585
4398,3310
3311,7163
5250,3311
3312,5323
3314,3834
3315,5433
3316,5142
3317,6737
3318,3918
6048,3319
3320,5100
3321,4976
3414,3321
3322,4974
5067,3322
4254,3324
3325,4342
7053,3326
3327,6728
6508,3327
3328,7001
3889,3328
3330,3781
6634,3331
3332,3793
5610,3334
5651,3335
5657,3336
3338,4462
3339,6845
3397,3339
4459,3340
3341,3952
7052,3341
3342,4443
4873,3342
3343,3927
3722,3343
5927,3346
3347,7234
3971,3347
3348,6629
6670,3348
3349,3350
3350,6166
3353,3743
3355,3701
3356,7356
3357,5740
6297,3357
3358,3622
6652,3358
3360,3860
3361,5062
4246,3362
3363,5343
6947,3363
4583,3364
3413,3365
3674,3367
3368,6850
6680,3368
3369,6294
7189,3369
3696,3370
3371,5374
3374,6203
3375,4464
3376,7400
3377,6074
5828,3377
3378,7185
3379,6186
3380,4909
5335,3380
7168,3381
3382,4143
3383,4325
5421,3384
5531,3385
7202,3386
7418,3387
3388,5435
4036,3388
3389,3574
3390,3507
4263,3391
3392,6945
6935,3393
3394,6113
5256,3394
3395,3775
6042,3395
4326,3396
5274,3397
3398,5778
3399,5385
4485,3399
3400,7439
3401,6999
3403,4649
3404,3525
6107,3404
7294,3405
3406,5643
3407,3661
3459,3407
6739,3408
6294,3409
3410,6608
5227,3410
3412,6601
5914,3412
4001,3413
3415,5267
6711,3415
3416,4273
4374,3416
6603,3417
3418,6195
3419,3838
3775,3419
6505,3420
3421,3996
5979,3421
3423,4132
6074,3423
3424,4237
3425,5849
5970,3425
3428,3886
3429,4779
6572,3429
5954,3430
3556,3431
3432,6933
6790,3432
3433,3447
7223,3433
3434,5274
5951,3434
3435,6351
3436,6535
3437,5554
3578,3437
3439,3755
3440,5630
4331,3440
4552,3441
3442,6274
3443,3564
7391,3443
7177,3444
5511,3445
3447,6439
6405,3448
3449,3776
3450,5283
3451,6582
5935,3452
4295,3453
3455,6454
3457,4499
6447,3457
3458,6510
3460,4559
3461,5823
3462,3647
3463,4038
4017,3463
3464,6685
3568,3464
3581,3465
3466,4328
6462,3466
6683,3467
3468,7379
3934,3468
5775,3469
3471,6839
3473,4119
4033,3474
4686,3476
3477,3985
4382,3477
5279,3478
3479,3763
3908,3479
3481,6352
5499,3482
3483,7240
5147,3483
3485,7390
4541,3485
3487,4079
3488,6803
4879,3488
3489,5534
5953,3490
7012,3491
3492,5495
3493,6805
7095,3493
3495,6262
6025,3495
3496,3900
7191,3496
6478,3497
3498,5686
5805,3498
3499,4109
3500,5962
3501,5898
3502,3635
3503,4421
6784,3503
3504,4501
6223,3506
3508,5273
4503,3508
4751,3509
6278,3510
3511,3571
5777,3514
3515,4340
4058,3516
3520,6404
4692,3521
3522,6991
5698,3522
3524,4763
7152,3524
3525,5729
3526,3566
3529,4852
3530,6533
5886,3530
6461,3531
3532,4954
7275,3532
3533,6140
4902,3533
3534,4529
3655,3535
3536,6611
7099,3536
6281,3537
3773,3538
3539,5890
5901,3539
3540,5651
4759,3540
3544,4830
3545,3968
3546,6282
6722,3547
3548,4917
7467,3548
6214,3549
3551,3583
6276,3551
6892,3552
3554,6946
3555,4694
4948,3555
3557,4947
3975,3557
3558,7402
3559,5712
6638,3561
3562,4700
3563,4050
5215,3563
3564,3608
3565,5622
4991,3567
4860,3568
5997,3569
3570,4819
-1,3570
3571,4801
3572,6328
3574,5501
4592,3575
3576,5767
5382,3577
6944,3578
7158,3579
5327,3581
3582,3967
3584,5821
7239,3584
3585,6986
5638,3585
4984,3587
6491,3588
4015,3589
3591,6815
7438,3591
3593,3667
3594,4008
3595,4151
6678,3595
3596,5716
3598,4162
6127,3598
3599,6184
5475,3599
3600,4244
3601,5518
4056,3601
3602,5650
5892,3603
3604,6464
3605,5800
6856,3606
3607,4502
4970,3607
3608,7107
3609,4919
3610,6309
7015,3610
3611,7037
3612,3931
3613,6886
6972,3613
3614,4911
6596,3614
3617,6248
5348,3617
5821,3618
3619,4589
3620,4861
4181,3620
3621,7366
6930,3621
7193,3624
3626,6047
3627,4335
6084,3628
3631,5186
6659,3631
5883,3632
3634,6893
3636,5463
3637,3801
5341,3637
3638,5152
6645,3638
3639,6430
6482,3639
4590,3642
3646,6446
3647,5754
3648,7447
4905,3649
4965,3650
6801,3651
3654,5051
3656,5766
3657,6843
4596,3657
3658,5402
5776,3660
3661,7465
5713,3662
6427,3663
4167,3664
3665,6748
3666,4512
6988,3666
3668,7310
3670,4584
6406,3671
3672,3703
7420,3675
3677,5870
3678,5115
7039,3678
3679,5143
3680,4656
3681,4810
3682,6296
3683,6631
6009,3684
3685,4579
3686,7199
4004,3687
4362,3688
3689,3832
3691,5813
4522,3691
-1,3692
3693,4565
5842,3693
7111,3694
5751,3697
3698,5304
5068,3698
3699,5482
3701,6499
3702,6730
3703,5012
3705,7008
5255,3705
3707,4377
3708,6017
3709,4683
3710,6494
3833,3710
3713,4035
3714,3883
7146,3714
3715,6972
3716,5486
6298,3716
5377,3717
3719,4848
3720,5413
5442,3721
6911,3723
3724,5381
5065,3724
6444,3725
3726,5344
4959,3726
3728,4416
3730,5677
7480,3731
6407,3732
3733,6501
6431,3735
5894,3736
4399,3739
3740,7344
3742,7384
6810,3742
3743,4107
3744,3869
4220,3744
4615,3745
3746,6187
5755,3746
3747,6344
3748,4461
4539,3748
5520,3749
3750,7277
6694,3751
4903,3752
3754,5665
7362,3754
3755,5700
3784,3757
4072,3758
3759,4190
3809,3760
3761,4471
4163,3762
3764,6064
4614,3764
3765,7126
6338,3766
3767,4213
5868,3768
4866,3769
4439,3770
3771,5030
6741,3771
4896,3773
3846,3774
3776,5752
3777,6340
3779,6040
6700,3779
3780,7288
5699,3780
3782,4840
6452,3783
3785,4646
3786,6811
5146,3786
6571,3787
3788,4357
3789,5023
6085,3789
3791,3861
4761,3792
5005,3794
4877,3795
3796,5428
4497,3796
3797,6621
3798,5351
5050,3798
3799,5869
7093,3799
5280,3800
3802,6974
6352,3802
5388,3803
6738,3804
5363,3805
3806,6356
5404,3806
5281,3807
5362,3809
3810,6752
4164,3810
3811,4309
3812,7219
4674,3812
3813,6409
6548,3813
3814,4837
6806,3814
3818,4583
5288,3819
5301,3822
4633,3823
3824,5035
3825,4814
7475,3825
3826,5090
3827,4164
5114,3830
3831,4901
3832,6037
7334,3833
3834,3956
3929,3835
3836,3954
4067,3837
5678,3839
7164,3842
3843,4254
6063,3843
3844,7214
3888,3845
6144,3846
6875,3847
3849,6716
3851,5250
3852,5637
6235,3852
3853,5873
3854,5977
3855,5275
7364,3855
6051,3856
3859,5664
3860,5609
3861,4470
3943,3862
3863,6264
3864,5531
3865,5847
5003,3865
3866,6012
4735,3866
3867,7141
5570,3867
5263,3868
3870,6675
3872,4791
3873,5467
3874,6465
4235,3874
3875,4465
4489,3875
6414,3876
3877,4668
4371,3877
3878,4802
5887,3878
3879,6132
3880,5670
5783,3880
3881,4544
3882,4269
3884,5718
6619,3884
3885,7213
5490,3885
3886,3908
3887,6215
3890,4773
6200,3890
3894,4009
4680,3894
3895,6507
5009,3895
3896,5593
3897,4939
3898,4725
3899,6590
3900,4876
4560,3901
7292,3903
3905,5239
5593,3905
5627,3906
3907,5697
6923,3909
4852,3910
3911,6585
5492,3912
3914,4021
5350,3914
3916,6157
6176,3916
3918,6062
3919,4285
7255,3920
4533,3921
5544,3923
3924,6744
4881,3924
3925,4721
3926,6288
6165,3926
3928,4823
7130,3928
7382,3929
3930,4562
3932,4432
5428,3932
4375,3933
3935,5786
7286,3936
6581,3939
3940,4270
6093,3941
3942,5648
3944,5401
6331,3945
3946,6289
3947,7286
5176,3947
6300,3948
4117,3949
6560,3950
5308,3951
3952,5638
5595,3953
3954,6534
3955,5791
3956,6299
6152,3957
3958,3997
3959,7007
4493,3959
4388,3960
5054,3961
5418,3962
3963,6749
3965,5563
6967,3965
6836,3966
3967,6276
5466,3969
3970,4918
5406,3971
4710,3973
3974,6451
7209,3977
5253,3978
3979,4349
5284,3979
7404,3980
6607,3984
3985,6896
3986,5196
4270,3987
3988,6403
3989,7135
5874,3989
5289,3991
4793,3992
3995,5326
3996,4388
3997,7181
4851,3998
6313,4001
4002,6295
4392,4003
4013,4004
4005,4161
5046,4005
7186,4006
4007,7110
4008,5408
4009,4334
4011,5868
7102,4013
4014,7220
4828,4014
4016,5582
4870,4016
4018,4728
5690,4019
4111,4020
4021,5155
4315,4022
4023,6116
4695,4024
7269,4025
4026,4634
4028,6757
6172,4028
4029,6055
6999,4029
4030,7190
4520,4030
4031,7015
4109,4032
4034,6061
4588,4036
4037,6240
4038,5621
6762,4040
4041,5942
5712,4041
4042,4391
5316,4043
4046,7316
4048,7215
4049,4667
5841,4049
4050,6196
4051,7252
4052,5038
6045,4052
4057,6083
6147,4058
4059,7346
4282,4059
4060,4305
4061,6382
5344,4061
6036,4062
4063,6625
6523,4063
4064,5301
7011,4064
4198,4066
4068,6152
4069,5104
6224,4069
4070,7371
6965,4073
4075,6448
6395,4076
4077,4692
4078,5232
5622,4078
6238,4081
4083,4753
4084,5364
6155,4084
4087,6372
6153,4087
4089,6479
5407,4090
4091,5945
6057,4091
7026,4092
4096,5717
7063,4096
4097,4575
4200,4098
4329,4099
4100,6612
-1,4100
4649,4101
4102,6926
4103,6856
5913,4103
7406,4104
5010,4106
4846,4108
4110,4180
4652,4111
6671,4113
4114,5166
4115,5192
5510,4115
4120,4711
4121,6518
6891,4121
5985,4122
4124,6052
4125,6724
4126,7433
5458,4126
4127,6231
4760,4127
4128,4146
4129,5671
4131,7225
5681,4131
4132,5114
4134,7177
4135,4361
4764,4135
4136,5365
6347,4136
4137,5826
7173,4140
4141,5245
4142,7170
4144,6246
6357,4144
4145,7067
6397,4145
4146,4222
5688,4147
6353,4148
7183,4149
4151,4740
4152,6056
6287,4152
4153,5805
4966,4153
4154,5026
6723,4155
4159,4999
4160,6988
4161,4566
6993,4163
7192,4165
5803,4171
4338,4172
4174,6134
6159,4174
4175,4952
5101,4175
4177,5938
4178,4463
4179,5570
4857,4179
4185,5885
5695,4184
4193,4185
4186,6218
4187,4344
5839,4187
4189,4967
4574,4189
4190,7006
6303,4191
5095,4193
6526,4194
4195,5623
5086,4195
4196,6068
5859,4196
4626,4197
6811,4198
4199,6873
6758,4199
4201,6707
4202,5469
5229,4204
7252,4205
5317,4206
4207,5502
5270,4207
6018,4208
5668,4210
4213,6958
4214,6681
4215,6764
5733,4215
4216,4436
5212,4216
4217,4682
5461,4217
4218,6592
5573,4218
4219,7103
4438,4220
6181,4221
4223,4333
6894,4224
4225,7227
7274,4225
4969,4226
4227,4418
4228,4275
6253,4230
4231,6686
6095,4232
4234,6692
4408,4234
5236,4235
4236,5032
4237,5316
4238,4719
4239,4818
4240,7418
5906,4240
4241,6669
4380,4241
4256,4242
4243,5510
5004,4243
4245,5845
4823,4245
4247,6919
4249,5112
4250,4483
4891,4251
4252,4957
4954,4253
4255,6160
4981,4255
6047,4256
4257,5618
6309,4257
4258,6081
4862,4258
5884,4259
6236,4262
6245,4263
6430,4264
4265,7244
5473,4265
4731,4266
6751,4268
4271,7118
4274,5802
4276,6377
7178,4279
5915,4280
5360,4282
4283,5458
4284,6982
4285,6912
4286,4723
4287,6216
4288,6890
5792,4289
6283,4290
4292,4397
7380,4292
4294,7337
4297,6385
6901,4297
5902,4298
5155,4299
6454,4300
4303,5485
4304,4619
6897,4304
4305,6159
4307,7365
4308,4681
4309,6235
4310,5092
4311,4737
6770,4312
4313,4738
4314,5487
5237,4315
6509,4316
4318,5140
6311,4318
4319,4437
6468,4319
4350,4320
6279,4321
5105,4322
4323,5915
4947,4323
4325,6882
6961,4330
4332,6529
6591,4332
4333,6256
4335,4875
4337,7376
4889,4338
5856,4339
4340,6996
6727,4341
4343,7466
5849,4343
4344,5513
4345,7420
4346,5157
4349,6900
4351,6099
7284,4352
6503,4353
4354,4468
4355,6721
4397,4355
5211,4356
4357,5850
4359,7393
5347,4360
4368,4366
4369,7464
5686,4369
5433,4370
4372,5217
4376,5997
5891,4378
6950,4380
4384,-1
6234,4384
4431,4385
6208,4387
4391,6114
5192,4392
4395,6007
4432,4395
6089,4396
4400,4435
7037,4400
4401,6894
5024,4401
6588,4402
4403,5969
4561,4403
4404,7159
4405,7302
4406,5967
4407,4604
7030,4407
4410,7079
5674,4410
6399,4411
4412,6363
4990,4412
4414,6605
5312,4414
6533,4415
4416,6755
6213,4417
4419,6957
5130,4420
4422,5226
7328,4423
4424,6674
5844,4424
4425,7296
5230,4425
5030,4427
5076,4428
4429,5060
5118,4429
4430,5818
5252,4430
6748,4433
6087,4434
4435,5296
4436,7241
4437,5093
4819,4438
5564,4439
4440,5200
4443,4812
4444,7117
4447,7145
6838,4448
4450,5078
5508,4450
4451,5520
4452,5259
6364,4452
4455,5046
6570,4455
4457,6086
5111,4457
5238,4458
4618,4459
7136,4460
4462,4586
4463,5733
4464,7109
4466,6197
4715,4466
5353,4467
4468,6758
4472,5160
4474,6960
5225,4474
4765,4475
4476,7065
4682,4476
4477,6334
4480,4913
4488,4480
7190,4481
4482,7392
5517,4482
4483,4690
6598,4485
4900,4486
7463,4488
6731,4489
4490,7071
6122,4490
5198,4491
4492,5122
7080,4493
4494,5070
4496,5655
4834,4497
4499,7424
6204,4500
4505,5857
5178,4505
4506,5943
4507,4550
4543,4507
4508,6556
4510,6679
4512,6135
6217,4513
4514,4612
6859,4514
5978,4515
4517,5480
4518,7232
4519,6428
6915,4520
4521,5897
6984,4521
5878,4522
4523,5179
6061,4523
5094,4524
4526,5613
6681,4528
4530,4800
6928,4531
4532,5411
7109,4532
4534,4987
5823,4535
7041,4536
4537,6391
4922,4538
4805,4539
4540,6150
4831,4541
4544,6774
4545,5265
7208,4545
6764,4546
7229,4547
4548,7306
5572,4548
4549,7372
7343,4549
6772,4551
4553,5792
4555,6531
5525,4556
4558,6562
4559,6281
4635,4564
4567,6619
6743,4570
4571,6627
6230,4571
4572,6697
5261,4572
4656,4573
5359,4574
4575,7301
4576,5429
4577,6773
4578,5968
4580,5022
4582,4969
4584,6173
4585,7452
4586,4908
6655,4587
5332,4588
4589,7455
6424,4591
5529,4592
5659,4594
6889,4597
4598,7180
5912,4599
6979,4600
7018,4602
4603,4686
4605,5352
4606,5555
4607,6913
5277,4607
4609,7172
6451,4610
5495,4611
4612,7268
4616,7076
4617,5356
4880,4617
4620,6487
4623,5058
7287,4624
4625,5040
4627,6091
5085,4628
4629,5483
4698,4630
4631,5233
5040,4632
7461,4633
4634,5742
7120,4635
4636,5020
4637,6418
4638,6432
4835,4638
5446,4639
4640,6676
7426,4640
5757,4642
4643,5812
4644,6817
4755,4644
6231,4645
4646,6094
6827,4647
4648,6794
5352,4650
4651,5987
4653,4788
4654,5061
4655,5569
6674,4655
4668,4657
5998,4659
4661,5383
4663,6931
6198,4663
4664,5072
6148,4664
4666,5944
4669,5300
4670,5006
4671,7120
7138,4671
6020,4672
4673,5503
6823,4674
4939,4675
4676,7119
7251,4678
4683,5552
4688,4706
5394,4688
4690,4936
5918,4691
4693,5916
5457,4697
4699,5332
4830,4699
4700,7475
4702,4920
6139,4702
4703,5190
6980,4705
4708,6871
7055,4708
4709,5610
6160,4709
4712,5011
4792,4712
4713,6597
6306,4714
7066,4715
4716,4907
6551,4716
4960,4720
4721,5367
4722,4843
4725,6004
4727,5620
4728,5963
4729,7245
5521,4729
4730,6577
5022,4730
4875,4732
4733,5406
7301,4733
4734,7105
5210,4734
5643,4735
4737,6039
4738,4883
5472,4739
4763,4741
4742,5337
4744,4995
6705,4744
4745,6245
4746,4872
4747,5400
6079,4747
4749,4934
5408,4751
7435,4752
4753,5431
4754,5889
4756,6198
4757,6922
6955,4757
5070,4761
4762,6699
5175,4762
4766,6481
5432,4766
4767,6717
5760,4767
4768,6838
6249,4769
5649,4771
4772,6443
6233,4772
6495,4776
5950,4777
4780,6515
4783,5037
4785,7463
4850,4785
5632,4786
4787,5707
4901,4789
4790,7280
6926,4792
5299,4793
5023,4803
4804,5723
6710,4804
5629,4805
4806,5859
7363,4806
6350,4807
4811,6997
4813,6402
5999,4813
4816,5466
5438,4817
4818,7328
4820,6484
4822,6584
4826,7146
6514,4826
4827,5992
5038,4827
4829,5860
7141,4829
7379,4833
6615,4835
4836,7265
4837,6857
6356,4838
5454,4839
4840,7230
4841,6910
7185,4841
6361,4842
6706,4844
5452,4845
5497,4846
7161,4847
6211,4850
6962,4853
4856,4959
4858,7441
4859,4890
5468,4859
4861,5378
4863,6823
4864,5973
6716,4866
4867,6600
6715,4867
4872,6710
4874,6925
7154,4874
4876,5423
7079,4877
4878,6848
4988,4878
6960,4879
6050,4881
4882,6532
4884,6739
4885,5302
4918,4885
4886,5933
6285,4886
4887,5567
4907,4887
4888,5336
4892,7022
4893,5218
4895,6335
7068,4897
4899,7368
6970,4905
4909,4948
5729,4910
4913,6940
7028,4916
4917,6279
4920,7194
7357,4923
6641,4924
4925,6980
7439,4925
4926,6636
4927,6419
5423,4927
7073,4928
5207,4929
4931,4951
6319,4931
4932,5231
6956,4932
4933,5741
4938,6345
6959,4938
4940,6320
5619,4942
5781,4943
4945,5129
5631,4946
4949,5086
4951,5130
4953,6169
4955,5689
4957,6486
6464,4958
5716,4960
6839,4961
6362,4962
4964,6961
6255,4964
4968,5608
6449,4970
5021,4971
7335,4972
4973,5565
7389,4973
4974,5342
4976,7444
4977,6969
4979,6780
5561,4979
4983,5504
7360,4983
5286,4984
4985,6668
4986,6368
7393,4986
4987,7086
6617,4990
5833,4991
6194,4993
4995,5453
6142,4997
4999,7047
5002,5793
5502,5003
6170,5007
5008,6222
6322,5010
6463,5014
5015,5225
6092,5015
5965,5019
5217,5027
5028,7370
6576,5028
5029,7293
5031,6434
5032,6060
7470,5033
5802,5036
5039,5177
5439,5041
6320,5043
7356,5044
5244,5049
5876,5052
5758,5055
5819,5056
5059,5310
5060,6918
5061,5750
5062,7339
5063,6825
6458,5063
5066,5950
5069,6540
7242,5069
5071,6355
5108,5071
5074,7467
5075,5473
5325,5075
5077,6847
6146,5077
5078,6498
5082,6929
7374,5082
5083,6420
5968,5083
6624,5085
5087,6548
5857,5087
5132,5088
6457,5089
5090,5194
5093,5949
5126,5094
5097,6384
6022,5097
5098,6128
7140,5098
5100,6649
6541,5101
5102,5382
5103,6979
6195,5103
5104,5736
5107,7345
5109,5568
6154,5109
5721,5110
5931,5111
5112,6720
7333,5113
5240,5117
5119,6317
5120,5587
5158,5120
5121,6477
7479,5121
5122,6118
5123,7381
6737,5123
5125,7133
5129,5318
6001,5131
5133,5672
7016,5133
5136,5354
5138,7164
5144,6624
6701,5144
5145,5530
6975,5147
5766,5148
5480,5149
5151,5224
6265,5151
5152,6549
5154,7096
7447,5154
6185,5158
5161,5238
5990,5161
5164,5771
5167,6881
5168,7237
5426,5168
5169,7283
5815,5169
5171,6330
5172,5405
6676,5172
6012,5173
5180,6559
5731,5180
5380,5181
5182,5317
6116,5183
5747,5185
5964,5189
5190,5663
5191,5986
6609,5191
5193,5357
7462,5193
6060,5195
5933,5198
5199,5305
5228,5199
5200,6316
5202,5362
6687,5202
5204,5934
6196,5204
5205,7249
7125,5206
5992,5207
5209,5884
5818,5209
7057,5215
5218,6151
5219,6944
6410,5219
5220,5263
7104,5222
5224,5386
5582,5227
6484,5228
7283,5230
5276,5234
5437,5235
5246,5248
7299,5246
5247,7072
5248,7011
5635,5249
5251,7477
5753,5253
5254,5893
5628,5254
5685,5255
7033,5256
5257,5387
5262,6701
7007,5262
5264,7407
5266,6124
7476,5266
6310,5268
5271,5314
5272,6788
5273,7161
6031,5276
5278,7405
6266,5278
6408,5279
7132,5280
7159,5281
5285,6067
6180,5286
7376,5289
5291,6842
7344,5291
5292,6898
7302,5293
5294,6727
6225,5295
7060,5297
5298,6133
5800,5298
6019,5299
5300,6528
5302,7430
5304,5882
5306,5838
7319,5306
5977,5309
5311,5701
5319,6223
5320,5436
5322,6855
5323,6867
5324,5935
6978,5325
6269,5327
5328,6109
5330,5579
5522,5330
5333,6616
5774,5334
5337,6181
5339,5693
5548,5339
5346,7282
6241,5349
6400,5353
5354,6653
5355,6376
5357,7223
7135,5358
5364,7034
5365,7052
7195,5366
5367,6709
6014,5369
5370,6208
7197,5370
5650,5371
5372,6782
5742,5372
5373,6968
7408,5373
5374,7445
6369,5377
5378,5640
5379,6866
5383,6050
5384,5806
5385,7419
5387,7472
7271,5388
7414,5390
6860,5393
7445,5394
5395,6258
5722,5396
5398,6880
7054,5398
5399,6587
6661,5399
5400,7192
5401,5624
5403,6897
6374,5403
5621,5404
6688,5409
5411,5639
5412,7088
6221,5414
5553,5418
5419,6076
6206,5419
6958,5421
7478,5424
5425,7403
5599,5425
7160,5427
5429,7451
5431,6778
5435,5454
5436,7343
6895,5438
6971,5439
6865,5441
5443,6252
6616,5443
7157,5444
5445,6949
6759,5448
5449,5702
5451,7224
5545,5451
5453,6783
5455,5814
6336,5455
5456,6456
6791,5457
5578,5461
7118,5462
5463,6254
5719,5464
5465,5545
5467,5474
5470,7012
6325,5470
5471,6142
7323,5472
5474,6457
5920,5475
5476,6411
5479,7026
5481,5634
6101,5481
5482,7189
5488,5724
6359,5488
6391,5490
5491,6138
6575,5491
5493,5739
5905,5498
5500,5988
5501,6078
5504,5834
5506,6750
7203,5507
5512,6162
6679,5515
5516,7331
6055,5519
6907,5522
5652,5523
5683,5525
5530,6147
5533,5757
5534,5906
5535,5951
5536,6511
6379,5536
5537,7036
7049,5537
6445,5542
6007,5543
7394,5544
7198,5546
7465,5547
6868,5549
5555,6155
5556,6266
5557,6579
5558,6671
5559,6193
7046,5564
5566,7320
5567,6977
6952,5571
6257,5574
6604,5577
5580,6102
6252,5581
5584,5745
6927,5584
5590,5837
5591,6864
6435,5591
6344,5592
5895,5595
5601,6051
6729,5601
6653,5603
5605,6851
5606,5631
7090,5606
6291,5607
7443,5611
5616,5755
7428,5617
7081,5619
5620,7233
7000,5626
6986,5627
6501,5628
5630,6763
5634,6993
5637,6806
7298,5642
6377,5645
6109,5646
6328,5647
6382,5649
6650,5654
5658,7143
7048,5658
5661,6504
6606,5661
5663,7069
5667,7338
5671,5848
5675,6292
5676,6137
6963,5680
6247,5682
6090,5683
5750,5685
5687,6667
7061,5690
6327,5691
5955,5692
5693,6954
6776,5694
5696,7257
5697,6435
5701,6106
5702,6609
5703,5782
7237,5704
6637,5706
6130,5708
5710,6042
5714,6635
5715,7136
6837,5715
7098,5721
6631,5722
6573,5725
5726,6375
5727,6829
5728,6596
5730,5759
6544,5730
5732,6170
5734,5913
5735,6884
6453,5735
7311,5743
7151,5746
5788,5751
5754,6689
5756,7272
6343,5758
6186,5761
5765,6734
6135,5768
6156,5769
5770,6907
6673,5772
5773,7217
5932,5775
7388,5776
6914,5777
6580,5779
6990,5780
5786,6291
5787,6800
6115,5787
5789,7113
7352,5790
5791,5921
5793,6298
6162,5796
6046,5799
5804,6331
7064,5804
7217,5808
5811,6343
7401,5815
6086,5819
5820,6239
6317,5822
6796,5825
7119,5828
6097,5829
5835,7303
7385,5835
5838,7060
5840,6054
7320,5843
5846,6205
6613,5846
5847,6703
5851,5852
5853,7140
5855,7095
5860,6015
5861,6380
6351,5861
5863,6293
5864,7229
7354,5864
5865,6433
5866,7261
5875,7031
5877,6885
6820,5879
6815,5880
5885,7355
5889,7176
5890,7122
5897,7155
5898,7446
5938,5901
6496,5903
6316,5911
6888,5914
6866,5920
5922,6204
6114,5922
5923,6415
5925,6804
6773,5927
7221,5932
5934,6566
6026,5936
6017,5937
5944,6948
5946,7183
5948,7388
6574,5948
6366,5952
6713,5953
7322,5954
5956,7327
6043,5956
7126,5957
5959,6830
5960,6122
6034,5960
5961,6567
6785,5964
6355,5972
5973,6163
6657,5974
7367,5978
6726,5985
5986,6236
7437,5989
6394,5993
5994,6869
5996,7054
7228,5996
6916,5999
6002,6578
6003,7246
7188,6005
6535,6009
6013,6615
6129,6013
6016,6753
6788,6016
6667,6022
6665,6026
6870,6027
6184,6028
6724,6029
6167,6031
6035,7256
6037,7269
6039,7131
6040,6228
6132,6041
6098,6044
7175,6046
7308,6048
6049,6561
6052,6860
6053,6493
7458,6053
6054,6275
6056,7075
7407,6058
6117,6059
6064,6442
6065,6648
6066,6955
6069,7471
6070,6280
7207,6072
6077,6784
7464,6077
6080,6307
6858,6085
7309,6087
6088,6398
6262,6089
6627,6090
6804,6093
6853,6095
6103,6431
6104,6145
7205,6105
6106,7354
7331,6108
6111,6745
6913,6111
6112,6725
6752,6117
6120,6693
6450,6127
7300,6131
6822,6136
7267,6148
6149,6167
6151,7021
6994,6156
6158,6852
6163,6253
6168,6935
6227,6174
6760,6180
6783,6188
7303,6189
6747,6190
6744,6192
6193,6588
6201,6647
7415,6202
7455,6207
7071,6209
6825,6211
6532,6213
7307,6214
6520,6219
6220,7417
6608,6221
6429,6227
6228,7243
6239,6736
6308,6241
6242,7033
6243,6315
6768,6243
6880,6250
6261,6659
6423,6265
6277,7014
6879,6284
6440,6290
6299,6963
6920,6301
6745,6303
6304,7300
6305,6808
6312,6410
7181,6313
6504,6314
6635,6322
6775,6324
6329,6520
6337,6646
6339,7375
6367,6348
7457,6357
6358,7292
6577,6362
6363,7428
7215,6369
6370,6943
6373,6989
6376,6768
6378,6927
7365,6378
6385,6664
6393,6526
7350,6393
6642,6394
6656,6395
6396,6606
6398,7319
7139,6408
6412,7148
6415,7112
7337,6416
6421,6712
6422,6781
6425,6834
7342,6437
7156,6440
6443,6502
6448,6797
6766,6452
7431,6459
6460,6575
6933,6460
6466,7040
6467,6705
6579,6467
7381,6470
6472,6792
6780,6472
6658,6473
6558,6474
-1,6476
6594,6485
6782,6488
6490,6505
6569,6496
6855,6500
6502,7238
6929,6509
6511,7114
6512,7049
6861,6514
6779,6521
6522,7018
6546,6527
6528,6713
6537,6899
6538,7408
7091,6538
7314,6541
6542,7453
6549,7391
7133,6552
6555,6902
6912,6557
6561,7005
6755,6563
6564,7116
6597,6569
7092,6573
6582,6603
7148,6591
6593,7137
7023,6593
6600,7209
6601,7129
7295,6604
6614,6765
6654,6623
6629,7152
6854,6632
6846,6644
6648,7092
6649,6655
6976,6652
6692,6654
6660,7367
-1,6661
6664,6840
7289,6665
7017,6670
6778,6682
6943,6688
6696,7295
7249,6702
6704,7208
6708,7263
6712,7221
6733,6976
6734,7315
6742,6911
7100,6743
6750,7352
6941,6754
6893,6767
6777,6916
7366,6801
6802,6841
6805,7254
6809,7299
7359,6810
6814,7101
6936,6814
6816,7078
7358,6816
7224,6828
6831,7395
7213,6832
6835,6923
6840,7414
6844,6878
6845,7313
6847,6953
6848,7239
6871,6853
7263,6863
6881,6874
6878,7442
7103,6879
6883,7312
6884,7416
6885,7206
6903,7210
6906,7325
7316,6909
6910,7250
7355,6915
7276,6917
7327,6924
7400,6930
6934,6959
7346,6950
7121,6956
6964,7201
7297,6971
7108,6973
6985,7020
7409,6987
7450,6992
6997,7284
7279,7000
7315,7003
7339,7004
7009,7258
7413,7025
7036,7203
7129,7039
7044,7200
-1,7057
7285,7061
7397,7081
7086,7085
7258,7094
7142,7098
7268,7108
7273,7134
7194,7178
7187,7461
7270,7188
7216,7340
7265,7264
7317,7271
7471,7274
7329,7309
7310,7394
7313,7330
7324,7460
7338,7436
7345,7415
